0/51
eigenvalues = 0	0	
1/51
eigenvalues = 2	0	
2/51
eigenvalues = 0	0	0	
3/51
eigenvalues = 2	0	0	
4/51
eigenvalues = 2	1	0	
5/51
eigenvalues = 1.5	1.5	0	
6/51
eigenvalues = 0	0	0	0	
7/51
eigenvalues = 2	0	0	0	
8/51
eigenvalues = 2	1	0	0	
9/51
eigenvalues = 2	1	1	0	
10/51
eigenvalues = 2	2	0	0	
11/51
eigenvalues = 2	1.5	0.5	0	
12/51
eigenvalues = 1.5	1.5	0	0	
13/51
eigenvalues = 1.72871	1.5	0.771286	0	
14/51
eigenvalues = 2	1	1	0	
15/51
eigenvalues = 1.66667	1.33333	1	0	
16/51
eigenvalues = 1.33333	1.33333	1.33333	0	
17/51
eigenvalues = 0	0	0	0	0	
18/51
eigenvalues = 2	0	0	0	0	
19/51
eigenvalues = 2	1	0	0	0	
20/51
eigenvalues = 2	1	1	0	0	
21/51
eigenvalues = 2	1	1	1	0	
22/51
eigenvalues = 2	2	0	0	0	
23/51
eigenvalues = 2	1.5	0.5	0	0	
24/51
eigenvalues = 2	2	1	0	0	
25/51
eigenvalues = 1.5	1.5	0	0	0	
26/51
eigenvalues = 2	1.57735	1	0.42265	0	
27/51
eigenvalues = 1.72871	1.5	0.771286	0	0	
28/51
eigenvalues = 1.80902	1.5	1	0.690983	0	
29/51
eigenvalues = 2	1	1	0	0	
30/51
eigenvalues = 2	1.40825	1	0.591752	0	
31/51
eigenvalues = 1.66667	1.33333	1	0	0	
32/51
eigenvalues = 1.76759	1.66667	1	0.565741	0	
33/51
eigenvalues = 1.72871	1.5	1	0.771286	0	
34/51
eigenvalues = 2	1	1	1	0	
35/51
eigenvalues = 1.75	1.25	1	1	0	
36/51
eigenvalues = 2	1.70711	1	0.292893	0	
37/51
eigenvalues = 2	1.5	1.5	0	0	
38/51
eigenvalues = 1.85657	1.5	1.29749	0.345943	0	
39/51
eigenvalues = 1.5	1.5	1.5	0.5	0	
40/51
eigenvalues = 1.80902	1.80902	0.690983	0.690983	0	
41/51
eigenvalues = 1.83333	1.5	1	0.666667	0	
42/51
eigenvalues = 1.60763	1.5	1.16667	0.725708	0	
43/51
eigenvalues = 1.76759	1.33333	1.33333	0.565741	0	
44/51
eigenvalues = 1.33333	1.33333	1.33333	0	0	
45/51
eigenvalues = 1.60763	1.33333	1.33333	0.725708	0	
46/51
eigenvalues = 1.56433	1.33333	1.25	0.852333	0	
47/51
eigenvalues = 1.80474	1.33333	1	0.861929	0	
48/51
eigenvalues = 1.66667	1.33333	1	1	0	
49/51
eigenvalues = 1.5	1.25	1.25	1	0	
50/51
eigenvalues = 1.25	1.25	1.25	1.25	0	
0	2	0	2	2.236	2.121	0	2	2.236	2.449	2.828	2.55	2.121	2.415	2.449	2.357	2.309	0	2	2.236	2.449	2.646	2.828	2.55	3	2.121	2.769	2.415	2.646	2.449	2.708	2.357	2.687	2.614	2.646	2.574	2.828	2.915	2.739	2.646	2.739	2.656	2.593	2.646	2.309	2.582	2.552	2.603	2.56	2.525	2.5
2	0	2	0	1	1.581	2	0	1	1.414	2	1.581	1.581	1.708	1.414	1.7	2	2	0	1	1.414	1.732	2	1.581	2.236	1.581	1.915	1.708	1.94	1.414	1.826	1.7	2.038	1.98	1.732	1.904	2	2.121	2.018	2.236	2.065	1.929	2.072	1.982	2	2.058	2.063	1.886	1.972	2.092	2.291
0	2	0	2	2.236	2.121	0	2	2.236	2.449	2.828	2.55	2.121	2.415	2.449	2.357	2.309	0	2	2.236	2.449	2.646	2.828	2.55	3	2.121	2.769	2.415	2.646	2.449	2.708	2.357	2.687	2.614	2.646	2.574	2.828	2.915	2.739	2.646	2.739	2.656	2.593	2.646	2.309	2.582	2.552	2.603	2.56	2.525	2.5
2	0	2	0	1	1.581	2	0	1	1.414	2	1.581	1.581	1.708	1.414	1.7	2	2	0	1	1.414	1.732	2	1.581	2.236	1.581	1.915	1.708	1.94	1.414	1.826	1.7	2.038	1.98	1.732	1.904	2	2.121	2.018	2.236	2.065	1.929	2.072	1.982	2	2.058	2.063	1.886	1.972	2.092	2.291
2.236	1	2.236	1	0	0.7071	2.236	1	0	1	1	0.7071	0.7071	0.9584	1	1.106	1.528	2.236	1	0	1	1.414	1	0.7071	1.414	0.7071	1.23	0.9584	1.328	1	1.232	1.106	1.349	1.385	1.414	1.458	1.259	1.581	1.44	1.732	1.283	1.312	1.514	1.504	1.528	1.603	1.609	1.376	1.491	1.696	1.936
2.121	1.581	2.121	1.581	0.7071	0	2.121	1.581	0.7071	1.225	0.7071	0.7071	0	0.8045	1.225	1.027	1.354	2.121	1.581	0.7071	1.225	1.581	0.7071	0.7071	1.225	4.441e-16	1.198	0.8045	1.254	1.225	1.268	1.027	1.191	1.283	1.581	1.458	1.174	1.581	1.389	1.581	1.07	1.247	1.378	1.482	1.354	1.531	1.523	1.365	1.434	1.62	1.803
0	2	0	2	2.236	2.121	0	2	2.236	2.449	2.828	2.55	2.121	2.415	2.449	2.357	2.309	0	2	2.236	2.449	2.646	2.828	2.55	3	2.121	2.769	2.415	2.646	2.449	2.708	2.357	2.687	2.614	2.646	2.574	2.828	2.915	2.739	2.646	2.739	2.656	2.593	2.646	2.309	2.582	2.552	2.603	2.56	2.525	2.5
2	0	2	0	1	1.581	2	0	1	1.414	2	1.581	1.581	1.708	1.414	1.7	2	2	0	1	1.414	1.732	2	1.581	2.236	1.581	1.915	1.708	1.94	1.414	1.826	1.7	2.038	1.98	1.732	1.904	2	2.121	2.018	2.236	2.065	1.929	2.072	1.982	2	2.058	2.063	1.886	1.972	2.092	2.291
2.236	1	2.236	1	0	0.7071	2.236	1	0	1	1	0.7071	0.7071	0.9584	1	1.106	1.528	2.236	1	0	1	1.414	1	0.7071	1.414	0.7071	1.23	0.9584	1.328	1	1.232	1.106	1.349	1.385	1.414	1.458	1.259	1.581	1.44	1.732	1.283	1.312	1.514	1.504	1.528	1.603	1.609	1.376	1.491	1.696	1.936
2.449	1.414	2.449	1.414	1	1.225	2.449	1.414	1	0	1.414	0.7071	1.225	0.6131	2.483e-16	0.4714	0.8165	2.449	1.414	1	0	1	1.414	0.7071	1	1.225	0.7155	0.6131	0.874	2.483e-16	0.7189	0.4714	0.9047	0.9584	1	1.061	0.7654	0.7071	0.6919	1	1.124	0.8498	0.979	0.7722	0.8165	0.9502	1.044	0.9445	1.106	1.173	1.5
2.828	2	2.828	2	1	0.7071	2.828	2	1	1.414	0	0.7071	0.7071	0.9584	1.414	1.247	1.633	2.828	2	1	1.414	1.732	0	0.7071	1	0.7071	1.165	0.9584	1.328	1.414	1.304	1.247	1.219	1.385	1.732	1.62	1.082	1.581	1.44	1.732	1.014	1.312	1.514	1.611	1.633	1.704	1.71	1.492	1.599	1.837	2.062
2.55	1.581	2.55	1.581	0.7071	0.7071	2.55	1.581	0.7071	0.7071	0.7071	0	0.7071	0.3837	0.7071	0.6236	1.08	2.55	1.581	0.7071	0.7071	1.225	0.7071	1.11e-16	0.7071	0.7071	0.6593	0.3837	0.874	0.7071	0.7801	0.6236	0.8074	0.9584	1.225	1.173	0.6154	1	0.881	1.225	0.8037	0.8498	1.061	1.047	1.08	1.184	1.227	1.029	1.179	1.369	1.658
2.121	1.581	2.121	1.581	0.7071	0	2.121	1.581	0.7071	1.225	0.7071	0.7071	0	0.8045	1.225	1.027	1.354	2.121	1.581	0.7071	1.225	1.581	0.7071	0.7071	1.225	4.441e-16	1.198	0.8045	1.254	1.225	1.268	1.027	1.191	1.283	1.581	1.458	1.174	1.581	1.389	1.581	1.07	1.247	1.378	1.482	1.354	1.531	1.523	1.365	1.434	1.62	1.803
2.415	1.708	2.415	1.708	0.9584	0.8045	2.415	1.708	0.9584	0.6131	0.9584	0.3837	0.8045	0	0.6131	0.2897	0.7071	2.415	1.708	0.9584	0.6131	1.173	0.9584	0.3837	0.6131	0.8045	0.5572	6.378e-16	0.7323	0.6131	0.6961	0.2897	0.6338	0.8045	1.173	1.056	0.5046	0.7776	0.6426	0.9129	0.7654	0.7125	0.8352	0.8156	0.7071	0.9407	1.005	0.9104	1.041	1.159	1.443
2.449	1.414	2.449	1.414	1	1.225	2.449	1.414	1	2.483e-16	1.414	0.7071	1.225	0.6131	0	0.4714	0.8165	2.449	1.414	1	2.483e-16	1	1.414	0.7071	1	1.225	0.7155	0.6131	0.874	2.22e-16	0.7189	0.4714	0.9047	0.9584	1	1.061	0.7654	0.7071	0.6919	1	1.124	0.8498	0.979	0.7722	0.8165	0.9502	1.044	0.9445	1.106	1.173	1.5
2.357	1.7	2.357	1.7	1.106	1.027	2.357	1.7	1.106	0.4714	1.247	0.6236	1.027	0.2897	0.4714	0	0.4714	2.357	1.7	1.106	0.4714	1.106	1.247	0.6236	0.7454	1.027	0.591	0.2897	0.7249	0.4714	0.6833	2.483e-16	0.6643	0.7915	1.106	1.007	0.5802	0.6236	0.5216	0.7454	0.9053	0.7071	0.7653	0.6643	0.4714	0.8008	0.8941	0.8729	1	1.047	1.344
2.309	2	2.309	2	1.528	1.354	2.309	2	1.528	0.8165	1.633	1.08	1.354	0.7071	0.8165	0.4714	0	2.309	2	1.528	0.8165	1.291	1.633	1.08	1	1.354	0.8909	0.7071	0.9179	0.8165	0.9546	0.4714	0.8549	0.9434	1.291	1.137	0.8838	0.7071	0.65	0.5774	1.159	0.9129	0.8108	0.7132	6.661e-16	0.7758	0.887	1.037	1.106	1.021	1.258
0	2	0	2	2.236	2.121	0	2	2.236	2.449	2.828	2.55	2.121	2.415	2.449	2.357	2.309	0	2	2.236	2.449	2.646	2.828	2.55	3	2.121	2.769	2.415	2.646	2.449	2.708	2.357	2.687	2.614	2.646	2.574	2.828	2.915	2.739	2.646	2.739	2.656	2.593	2.646	2.309	2.582	2.552	2.603	2.56	2.525	2.5
2	0	2	0	1	1.581	2	0	1	1.414	2	1.581	1.581	1.708	1.414	1.7	2	2	0	1	1.414	1.732	2	1.581	2.236	1.581	1.915	1.708	1.94	1.414	1.826	1.7	2.038	1.98	1.732	1.904	2	2.121	2.018	2.236	2.065	1.929	2.072	1.982	2	2.058	2.063	1.886	1.972	2.092	2.291
2.236	1	2.236	1	0	0.7071	2.236	1	0	1	1	0.7071	0.7071	0.9584	1	1.106	1.528	2.236	1	0	1	1.414	1	0.7071	1.414	0.7071	1.23	0.9584	1.328	1	1.232	1.106	1.349	1.385	1.414	1.458	1.259	1.581	1.44	1.732	1.283	1.312	1.514	1.504	1.528	1.603	1.609	1.376	1.491	1.696	1.936
2.449	1.414	2.449	1.414	1	1.225	2.449	1.414	1	0	1.414	0.7071	1.225	0.6131	2.483e-16	0.4714	0.8165	2.449	1.414	1	0	1	1.414	0.7071	1	1.225	0.7155	0.6131	0.874	2.483e-16	0.7189	0.4714	0.9047	0.9584	1	1.061	0.7654	0.7071	0.6919	1	1.124	0.8498	0.979	0.7722	0.8165	0.9502	1.044	0.9445	1.106	1.173	1.5
2.646	1.732	2.646	1.732	1.414	1.581	2.646	1.732	1.414	1	1.732	1.225	1.581	1.173	1	1.106	1.291	2.646	1.732	1.414	1	0	1.732	1.225	1.414	1.581	0.8165	1.173	0.618	1	0.5774	1.106	0.8289	0.6131	0	0.3536	1	1.225	0.8871	1	0.9391	0.6236	0.712	0.6818	1.291	0.6719	0.6207	0.4102	0.4714	0.6124	0.866
2.828	2	2.828	2	1	0.7071	2.828	2	1	1.414	0	0.7071	0.7071	0.9584	1.414	1.247	1.633	2.828	2	1	1.414	1.732	0	0.7071	1	0.7071	1.165	0.9584	1.328	1.414	1.304	1.247	1.219	1.385	1.732	1.62	1.082	1.581	1.44	1.732	1.014	1.312	1.514	1.611	1.633	1.704	1.71	1.492	1.599	1.837	2.062
2.55	1.581	2.55	1.581	0.7071	0.7071	2.55	1.581	0.7071	0.7071	0.7071	1.11e-16	0.7071	0.3837	0.7071	0.6236	1.08	2.55	1.581	0.7071	0.7071	1.225	0.7071	0	0.7071	0.7071	0.6593	0.3837	0.874	0.7071	0.7801	0.6236	0.8074	0.9584	1.225	1.173	0.6154	1	0.881	1.225	0.8037	0.8498	1.061	1.047	1.08	1.184	1.227	1.029	1.179	1.369	1.658
3	2.236	3	2.236	1.414	1.225	3	2.236	1.414	1	1	0.7071	1.225	0.6131	1	0.7454	1	3	2.236	1.414	1	1.414	1	0.7071	0	1.225	0.5977	0.6131	0.874	1	0.8369	0.7454	0.6966	0.9584	1.414	1.275	0.4142	0.7071	0.6919	1	0.8037	0.8498	0.979	0.9642	1	1.112	1.193	1.107	1.247	1.369	1.658
2.121	1.581	2.121	1.581	0.7071	4.441e-16	2.121	1.581	0.7071	1.225	0.7071	0.7071	4.441e-16	0.8045	1.225	1.027	1.354	2.121	1.581	0.7071	1.225	1.581	0.7071	0.7071	1.225	0	1.198	0.8045	1.254	1.225	1.268	1.027	1.191	1.283	1.581	1.458	1.174	1.581	1.389	1.581	1.07	1.247	1.378	1.482	1.354	1.531	1.523	1.365	1.434	1.62	1.803
2.769	1.915	2.769	1.915	1.23	1.198	2.769	1.915	1.23	0.7155	1.165	0.6593	1.198	0.5572	0.7155	0.591	0.8909	2.769	1.915	1.23	0.7155	0.8165	1.165	0.6593	0.5977	1.198	0	0.5572	0.3383	0.7155	0.2391	0.591	0.2872	0.4485	0.8165	0.7092	0.1835	0.6593	0.3478	0.7155	0.5076	0.3055	0.5287	0.4951	0.8909	0.6453	0.7046	0.5391	0.7099	0.8678	1.19
2.415	1.708	2.415	1.708	0.9584	0.8045	2.415	1.708	0.9584	0.6131	0.9584	0.3837	0.8045	6.378e-16	0.6131	0.2897	0.7071	2.415	1.708	0.9584	0.6131	1.173	0.9584	0.3837	0.6131	0.8045	0.5572	0	0.7323	0.6131	0.6961	0.2897	0.6338	0.8045	1.173	1.056	0.5046	0.7776	0.6426	0.9129	0.7654	0.7125	0.8352	0.8156	0.7071	0.9407	1.005	0.9104	1.041	1.159	1.443
2.646	1.94	2.646	1.94	1.328	1.254	2.646	1.94	1.328	0.874	1.328	0.874	1.254	0.7323	0.874	0.7249	0.9179	2.646	1.94	1.328	0.874	0.618	1.328	0.874	0.874	1.254	0.3383	0.7323	0	0.874	0.234	0.7249	0.2126	0.1136	0.618	0.4018	0.4877	0.874	0.4581	0.618	0.437	0.03439	0.2637	0.3953	0.9179	0.425	0.4197	0.2388	0.3789	0.5621	0.866
2.449	1.414	2.449	1.414	1	1.225	2.449	1.414	1	2.483e-16	1.414	0.7071	1.225	0.6131	2.22e-16	0.4714	0.8165	2.449	1.414	1	2.483e-16	1	1.414	0.7071	1	1.225	0.7155	0.6131	0.874	0	0.7189	0.4714	0.9047	0.9584	1	1.061	0.7654	0.7071	0.6919	1	1.124	0.8498	0.979	0.7722	0.8165	0.9502	1.044	0.9445	1.106	1.173	1.5
2.708	1.826	2.708	1.826	1.232	1.268	2.708	1.826	1.232	0.7189	1.304	0.7801	1.268	0.6961	0.7189	0.6833	0.9546	2.708	1.826	1.232	0.7189	0.5774	1.304	0.7801	0.8369	1.268	0.2391	0.6961	0.234	0.7189	0	0.6833	0.3485	0.338	0.5774	0.5042	0.4226	0.7801	0.4218	0.7189	0.5499	0.2045	0.4562	0.414	0.9546	0.5372	0.5708	0.3417	0.5323	0.7101	1.041
2.357	1.7	2.357	1.7	1.106	1.027	2.357	1.7	1.106	0.4714	1.247	0.6236	1.027	0.2897	0.4714	2.483e-16	0.4714	2.357	1.7	1.106	0.4714	1.106	1.247	0.6236	0.7454	1.027	0.591	0.2897	0.7249	0.4714	0.6833	0	0.6643	0.7915	1.106	1.007	0.5802	0.6236	0.5216	0.7454	0.9053	0.7071	0.7653	0.6643	0.4714	0.8008	0.8941	0.8729	1	1.047	1.344
2.687	2.038	2.687	2.038	1.349	1.191	2.687	2.038	1.349	0.9047	1.219	0.8074	1.191	0.6338	0.9047	0.6643	0.8549	2.687	2.038	1.349	0.9047	0.8289	1.219	0.8074	0.6966	1.191	0.2872	0.6338	0.2126	0.9047	0.3485	0.6643	0	0.2675	0.8289	0.6021	0.3607	0.8074	0.4153	0.5947	0.3649	0.2056	0.3267	0.4714	0.8549	0.5229	0.545	0.4475	0.5567	0.7045	0.986
2.614	1.98	2.614	1.98	1.385	1.283	2.614	1.98	1.385	0.9584	1.385	0.9584	1.283	0.8045	0.9584	0.7915	0.9434	2.614	1.98	1.385	0.9584	0.6131	1.385	0.9584	0.9584	1.283	0.4485	0.8045	0.1136	0.9584	0.338	0.7915	0.2675	0	0.6131	0.3395	0.5877	0.9584	0.5346	0.6131	0.4515	0.148	0.211	0.4274	0.9434	0.3945	0.3519	0.2044	0.2897	0.4792	0.7638
2.646	1.732	2.646	1.732	1.414	1.581	2.646	1.732	1.414	1	1.732	1.225	1.581	1.173	1	1.106	1.291	2.646	1.732	1.414	1	0	1.732	1.225	1.414	1.581	0.8165	1.173	0.618	1	0.5774	1.106	0.8289	0.6131	0	0.3536	1	1.225	0.8871	1	0.9391	0.6236	0.712	0.6818	1.291	0.6719	0.6207	0.4102	0.4714	0.6124	0.866
2.574	1.904	2.574	1.904	1.458	1.458	2.574	1.904	1.458	1.061	1.62	1.173	1.458	1.056	1.061	1.007	1.137	2.574	1.904	1.458	1.061	0.3536	1.62	1.173	1.275	1.458	0.7092	1.056	0.4018	1.061	0.5042	1.007	0.6021	0.3395	0.3536	0	0.8783	1.173	0.7682	0.7906	0.712	0.4249	0.431	0.554	1.137	0.4621	0.3546	0.1703	0.1179	0.3536	0.6124
2.828	2	2.828	2	1.259	1.174	2.828	2	1.259	0.7654	1.082	0.6154	1.174	0.5046	0.7654	0.5802	0.8838	2.828	2	1.259	0.7654	1	1.082	0.6154	0.4142	1.174	0.1835	0.5046	0.4877	0.7654	0.4226	0.5802	0.3607	0.5877	1	0.8783	0	0.6154	0.3934	0.7654	0.5485	0.4587	0.6418	0.6159	0.8838	0.7695	0.8396	0.7083	0.8665	1.011	1.323
2.915	2.121	2.915	2.121	1.581	1.581	2.915	2.121	1.581	0.7071	1.581	1	1.581	0.7776	0.7071	0.6236	0.7071	2.915	2.121	1.581	0.7071	1.225	1.581	1	0.7071	1.581	0.6593	0.7776	0.874	0.7071	0.7801	0.6236	0.8074	0.9584	1.225	1.173	0.6154	0	0.4257	0.7071	1.124	0.8498	0.8898	0.6555	0.7071	0.858	1.003	1.029	1.179	1.173	1.5
2.739	2.018	2.739	2.018	1.44	1.389	2.739	2.018	1.44	0.6919	1.44	0.881	1.389	0.6426	0.6919	0.5216	0.65	2.739	2.018	1.44	0.6919	0.8871	1.44	0.881	0.6919	1.389	0.3478	0.6426	0.4581	0.6919	0.4218	0.5216	0.4153	0.5346	0.8871	0.7682	0.3934	0.4257	0	0.438	0.7646	0.4381	0.4726	0.292	0.65	0.485	0.6098	0.6206	0.7617	0.7872	1.118
2.646	2.236	2.646	2.236	1.732	1.581	2.646	2.236	1.732	1	1.732	1.225	1.581	0.9129	1	0.7454	0.5774	2.646	2.236	1.732	1	1	1.732	1.225	1	1.581	0.7155	0.9129	0.618	1	0.7189	0.7454	0.5947	0.6131	1	0.7906	0.7654	0.7071	0.438	0	0.9391	0.6236	0.4167	0.3626	0.5774	0.3436	0.4675	0.7083	0.7454	0.6124	0.866
2.739	2.065	2.739	2.065	1.283	1.07	2.739	2.065	1.283	1.124	1.014	0.8037	1.07	0.7654	1.124	0.9053	1.159	2.739	2.065	1.283	1.124	0.9391	1.014	0.8037	0.8037	1.07	0.5076	0.7654	0.437	1.124	0.5499	0.9053	0.3649	0.4515	0.9391	0.712	0.5485	1.124	0.7646	0.9391	0	0.4384	0.6029	0.8101	1.159	0.825	0.7904	0.5925	0.6615	0.9033	1.118
2.656	1.929	2.656	1.929	1.312	1.247	2.656	1.929	1.312	0.8498	1.312	0.8498	1.247	0.7125	0.8498	0.7071	0.9129	2.656	1.929	1.312	0.8498	0.6236	1.312	0.8498	0.8498	1.247	0.3055	0.7125	0.03439	0.8498	0.2045	0.7071	0.2056	0.148	0.6236	0.4249	0.4587	0.8498	0.4381	0.6236	0.4384	0	0.2867	0.3917	0.9129	0.4397	0.444	0.2583	0.4082	0.5893	0.8975
2.593	2.072	2.593	2.072	1.514	1.378	2.593	2.072	1.514	0.979	1.514	1.061	1.378	0.8352	0.979	0.7653	0.8108	2.593	2.072	1.514	0.979	0.712	1.514	1.061	0.979	1.378	0.5287	0.8352	0.2637	0.979	0.4562	0.7653	0.3267	0.211	0.712	0.431	0.6418	0.8898	0.4726	0.4167	0.6029	0.2867	0	0.3267	0.8108	0.2357	0.2294	0.3361	0.3664	0.3953	0.6872
2.646	1.982	2.646	1.982	1.504	1.482	2.646	1.982	1.504	0.7722	1.611	1.047	1.482	0.8156	0.7722	0.6643	0.7132	2.646	1.982	1.504	0.7722	0.6818	1.611	1.047	0.9642	1.482	0.4951	0.8156	0.3953	0.7722	0.414	0.6643	0.4714	0.4274	0.6818	0.554	0.6159	0.6555	0.292	0.3626	0.8101	0.3917	0.3267	0	0.7132	0.2262	0.3611	0.4475	0.5567	0.5235	0.866
2.309	2	2.309	2	1.528	1.354	2.309	2	1.528	0.8165	1.633	1.08	1.354	0.7071	0.8165	0.4714	6.661e-16	2.309	2	1.528	0.8165	1.291	1.633	1.08	1	1.354	0.8909	0.7071	0.9179	0.8165	0.9546	0.4714	0.8549	0.9434	1.291	1.137	0.8838	0.7071	0.65	0.5774	1.159	0.9129	0.8108	0.7132	0	0.7758	0.887	1.037	1.106	1.021	1.258
2.582	2.058	2.582	2.058	1.603	1.531	2.582	2.058	1.603	0.9502	1.704	1.184	1.531	0.9407	0.9502	0.8008	0.7758	2.582	2.058	1.603	0.9502	0.6719	1.704	1.184	1.112	1.531	0.6453	0.9407	0.425	0.9502	0.5372	0.8008	0.5229	0.3945	0.6719	0.4621	0.7695	0.858	0.485	0.3436	0.825	0.4397	0.2357	0.2262	0.7758	0	0.1576	0.4105	0.4357	0.3173	0.6455
2.552	2.063	2.552	2.063	1.609	1.523	2.552	2.063	1.609	1.044	1.71	1.227	1.523	1.005	1.044	0.8941	0.887	2.552	2.063	1.609	1.044	0.6207	1.71	1.227	1.193	1.523	0.7046	1.005	0.4197	1.044	0.5708	0.8941	0.545	0.3519	0.6207	0.3546	0.8396	1.003	0.6098	0.4675	0.7904	0.444	0.2294	0.3611	0.887	0.1576	0	0.347	0.3079	0.1814	0.5137
2.603	1.886	2.603	1.886	1.376	1.365	2.603	1.886	1.376	0.9445	1.492	1.029	1.365	0.9104	0.9445	0.8729	1.037	2.603	1.886	1.376	0.9445	0.4102	1.492	1.029	1.107	1.365	0.5391	0.9104	0.2388	0.9445	0.3417	0.8729	0.4475	0.2044	0.4102	0.1703	0.7083	1.029	0.6206	0.7083	0.5925	0.2583	0.3361	0.4475	1.037	0.4105	0.347	0	0.1953	0.4259	0.7265
2.56	1.972	2.56	1.972	1.491	1.434	2.56	1.972	1.491	1.106	1.599	1.179	1.434	1.041	1.106	1	1.106	2.56	1.972	1.491	1.106	0.4714	1.599	1.179	1.247	1.434	0.7099	1.041	0.3789	1.106	0.5323	1	0.5567	0.2897	0.4714	0.1179	0.8665	1.179	0.7617	0.7454	0.6615	0.4082	0.3664	0.5567	1.106	0.4357	0.3079	0.1953	0	0.3118	0.5528
2.525	2.092	2.525	2.092	1.696	1.62	2.525	2.092	1.696	1.173	1.837	1.369	1.62	1.159	1.173	1.047	1.021	2.525	2.092	1.696	1.173	0.6124	1.837	1.369	1.369	1.62	0.8678	1.159	0.5621	1.173	0.7101	1.047	0.7045	0.4792	0.6124	0.3536	1.011	1.173	0.7872	0.6124	0.9033	0.5893	0.3953	0.5235	1.021	0.3173	0.1814	0.4259	0.3118	0	0.3536
2.5	2.291	2.5	2.291	1.936	1.803	2.5	2.291	1.936	1.5	2.062	1.658	1.803	1.443	1.5	1.344	1.258	2.5	2.291	1.936	1.5	0.866	2.062	1.658	1.658	1.803	1.19	1.443	0.866	1.5	1.041	1.344	0.986	0.7638	0.866	0.6124	1.323	1.5	1.118	0.866	1.118	0.8975	0.6872	0.866	1.258	0.6455	0.5137	0.7265	0.5528	0.3536	0
Best fits
0 2 0.000000
0 6 0.000000
0 17 0.000000
1 3 0.000000
1 7 0.000000
Worst fits
0 24 3.000000
2 24 3.000000
6 24 3.000000
17 24 3.000000
0 37 2.915476
Graph 1 ==================================
0.0000		2.0000		0.0000		2.0000		2.2361		2.1213		
0.0000		2.0000		2.2361		2.4495		2.8284		2.5495		
2.1213		2.4152		2.4495		2.3570		2.3094		0.0000		
2.0000		2.2361		2.4495		2.6458		2.8284		2.5495		
3.0000		2.1213		2.7689		2.4152		2.6458		2.4495		
2.7080		2.3570		2.6874		2.6141		2.6458		2.5739		
2.8284		2.9155		2.7386		2.6458		2.7386		2.6562		
2.5927		2.6458		2.3094		2.5820		2.5522		2.6034		
2.5604		2.5249		2.5000		
Graph 2 ==================================
2.0000		0.0000		2.0000		0.0000		1.0000		1.5811		
2.0000		0.0000		1.0000		1.4142		2.0000		1.5811		
1.5811		1.7084		1.4142		1.6997		2.0000		2.0000		
0.0000		1.0000		1.4142		1.7321		2.0000		1.5811		
2.2361		1.5811		1.9149		1.7084		1.9401		1.4142		
1.8257		1.6997		2.0376		1.9795		1.7321		1.9039		
2.0000		2.1213		2.0183		2.2361		2.0649		1.9293		
2.0716		1.9823		2.0000		2.0582		2.0631		1.8865		
1.9720		2.0917		2.2913		
Graph 3 ==================================
0.0000		2.0000		0.0000		2.0000		2.2361		2.1213		
0.0000		2.0000		2.2361		2.4495		2.8284		2.5495		
2.1213		2.4152		2.4495		2.3570		2.3094		0.0000		
2.0000		2.2361		2.4495		2.6458		2.8284		2.5495		
3.0000		2.1213		2.7689		2.4152		2.6458		2.4495		
2.7080		2.3570		2.6874		2.6141		2.6458		2.5739		
2.8284		2.9155		2.7386		2.6458		2.7386		2.6562		
2.5927		2.6458		2.3094		2.5820		2.5522		2.6034		
2.5604		2.5249		2.5000		
Graph 4 ==================================
2.0000		0.0000		2.0000		0.0000		1.0000		1.5811		
2.0000		0.0000		1.0000		1.4142		2.0000		1.5811		
1.5811		1.7084		1.4142		1.6997		2.0000		2.0000		
0.0000		1.0000		1.4142		1.7321		2.0000		1.5811		
2.2361		1.5811		1.9149		1.7084		1.9401		1.4142		
1.8257		1.6997		2.0376		1.9795		1.7321		1.9039		
2.0000		2.1213		2.0183		2.2361		2.0649		1.9293		
2.0716		1.9823		2.0000		2.0582		2.0631		1.8865		
1.9720		2.0917		2.2913		
Graph 5 ==================================
2.2361		1.0000		2.2361		1.0000		0.0000		0.7071		
2.2361		1.0000		0.0000		1.0000		1.0000		0.7071		
0.7071		0.9584		1.0000		1.1055		1.5275		2.2361		
1.0000		0.0000		1.0000		1.4142		1.0000		0.7071		
1.4142		0.7071		1.2296		0.9584		1.3281		1.0000		
1.2316		1.1055		1.3485		1.3851		1.4142		1.4577		
1.2593		1.5811		1.4400		1.7321		1.2829		1.3123		
1.5138		1.5043		1.5275		1.6030		1.6093		1.3756		
1.4907		1.6956		1.9365		
Graph 6 ==================================
2.1213		1.5811		2.1213		1.5811		0.7071		0.0000		
2.1213		1.5811		0.7071		1.2247		0.7071		0.7071		
0.0000		0.8045		1.2247		1.0274		1.3540		2.1213		
1.5811		0.7071		1.2247		1.5811		0.7071		0.7071		
1.2247		0.0000		1.1978		0.8045		1.2542		1.2247		
1.2683		1.0274		1.1914		1.2834		1.5811		1.4577		
1.1742		1.5811		1.3894		1.5811		1.0705		1.2472		
1.3782		1.4823		1.3540		1.5309		1.5234		1.3651		
1.4337		1.6202		1.8028		
Graph 7 ==================================
0.0000		2.0000		0.0000		2.0000		2.2361		2.1213		
0.0000		2.0000		2.2361		2.4495		2.8284		2.5495		
2.1213		2.4152		2.4495		2.3570		2.3094		0.0000		
2.0000		2.2361		2.4495		2.6458		2.8284		2.5495		
3.0000		2.1213		2.7689		2.4152		2.6458		2.4495		
2.7080		2.3570		2.6874		2.6141		2.6458		2.5739		
2.8284		2.9155		2.7386		2.6458		2.7386		2.6562		
2.5927		2.6458		2.3094		2.5820		2.5522		2.6034		
2.5604		2.5249		2.5000		
Graph 8 ==================================
2.0000		0.0000		2.0000		0.0000		1.0000		1.5811		
2.0000		0.0000		1.0000		1.4142		2.0000		1.5811		
1.5811		1.7084		1.4142		1.6997		2.0000		2.0000		
0.0000		1.0000		1.4142		1.7321		2.0000		1.5811		
2.2361		1.5811		1.9149		1.7084		1.9401		1.4142		
1.8257		1.6997		2.0376		1.9795		1.7321		1.9039		
2.0000		2.1213		2.0183		2.2361		2.0649		1.9293		
2.0716		1.9823		2.0000		2.0582		2.0631		1.8865		
1.9720		2.0917		2.2913		
Graph 9 ==================================
2.2361		1.0000		2.2361		1.0000		0.0000		0.7071		
2.2361		1.0000		0.0000		1.0000		1.0000		0.7071		
0.7071		0.9584		1.0000		1.1055		1.5275		2.2361		
1.0000		0.0000		1.0000		1.4142		1.0000		0.7071		
1.4142		0.7071		1.2296		0.9584		1.3281		1.0000		
1.2316		1.1055		1.3485		1.3851		1.4142		1.4577		
1.2593		1.5811		1.4400		1.7321		1.2829		1.3123		
1.5138		1.5043		1.5275		1.6030		1.6093		1.3756		
1.4907		1.6956		1.9365		
Graph 10 ==================================
2.4495		1.4142		2.4495		1.4142		1.0000		1.2247		
2.4495		1.4142		1.0000		0.0000		1.4142		0.7071		
1.2247		0.6131		0.0000		0.4714		0.8165		2.4495		
1.4142		1.0000		0.0000		1.0000		1.4142		0.7071		
1.0000		1.2247		0.7155		0.6131		0.8740		0.0000		
0.7189		0.4714		0.9047		0.9584		1.0000		1.0607		
0.7654		0.7071		0.6919		1.0000		1.1242		0.8498		
0.9790		0.7722		0.8165		0.9502		1.0440		0.9445		
1.1055		1.1726		1.5000		
Graph 11 ==================================
2.8284		2.0000		2.8284		2.0000		1.0000		0.7071		
2.8284		2.0000		1.0000		1.4142		0.0000		0.7071		
0.7071		0.9584		1.4142		1.2472		1.6330		2.8284		
2.0000		1.0000		1.4142		1.7321		0.0000		0.7071		
1.0000		0.7071		1.1650		0.9584		1.3281		1.4142		
1.3040		1.2472		1.2187		1.3851		1.7321		1.6202		
1.0824		1.5811		1.4400		1.7321		1.0138		1.3123		
1.5138		1.6113		1.6330		1.7038		1.7097		1.4918		
1.5986		1.8371		2.0616		
Graph 12 ==================================
2.5495		1.5811		2.5495		1.5811		0.7071		0.7071		
2.5495		1.5811		0.7071		0.7071		0.7071		0.0000		
0.7071		0.3837		0.7071		0.6236		1.0801		2.5495		
1.5811		0.7071		0.7071		1.2247		0.7071		0.0000		
0.7071		0.7071		0.6593		0.3837		0.8740		0.7071		
0.7801		0.6236		0.8074		0.9584		1.2247		1.1726		
0.6154		1.0000		0.8810		1.2247		0.8037		0.8498		
1.0607		1.0470		1.0801		1.1844		1.2274		1.0290		
1.1785		1.3693		1.6583		
Graph 13 ==================================
2.1213		1.5811		2.1213		1.5811		0.7071		0.0000		
2.1213		1.5811		0.7071		1.2247		0.7071		0.7071		
0.0000		0.8045		1.2247		1.0274		1.3540		2.1213		
1.5811		0.7071		1.2247		1.5811		0.7071		0.7071		
1.2247		0.0000		1.1978		0.8045		1.2542		1.2247		
1.2683		1.0274		1.1914		1.2834		1.5811		1.4577		
1.1742		1.5811		1.3894		1.5811		1.0705		1.2472		
1.3782		1.4823		1.3540		1.5309		1.5234		1.3651		
1.4337		1.6202		1.8028		
Graph 14 ==================================
2.4152		1.7084		2.4152		1.7084		0.9584		0.8045		
2.4152		1.7084		0.9584		0.6131		0.9584		0.3837		
0.8045		0.0000		0.6131		0.2897		0.7071		2.4152		
1.7084		0.9584		0.6131		1.1730		0.9584		0.3837		
0.6131		0.8045		0.5572		0.0000		0.7323		0.6131		
0.6961		0.2897		0.6338		0.8045		1.1730		1.0561		
0.5046		0.7776		0.6426		0.9129		0.7654		0.7125		
0.8352		0.8156		0.7071		0.9407		1.0052		0.9104		
1.0411		1.1593		1.4434		
Graph 15 ==================================
2.4495		1.4142		2.4495		1.4142		1.0000		1.2247		
2.4495		1.4142		1.0000		0.0000		1.4142		0.7071		
1.2247		0.6131		0.0000		0.4714		0.8165		2.4495		
1.4142		1.0000		0.0000		1.0000		1.4142		0.7071		
1.0000		1.2247		0.7155		0.6131		0.8740		0.0000		
0.7189		0.4714		0.9047		0.9584		1.0000		1.0607		
0.7654		0.7071		0.6919		1.0000		1.1242		0.8498		
0.9790		0.7722		0.8165		0.9502		1.0440		0.9445		
1.1055		1.1726		1.5000		
Graph 16 ==================================
2.3570		1.6997		2.3570		1.6997		1.1055		1.0274		
2.3570		1.6997		1.1055		0.4714		1.2472		0.6236		
1.0274		0.2897		0.4714		0.0000		0.4714		2.3570		
1.6997		1.1055		0.4714		1.1055		1.2472		0.6236		
0.7454		1.0274		0.5910		0.2897		0.7249		0.4714		
0.6833		0.0000		0.6643		0.7915		1.1055		1.0069		
0.5802		0.6236		0.5216		0.7454		0.9053		0.7071		
0.7653		0.6643		0.4714		0.8008		0.8941		0.8729		
1.0000		1.0475		1.3437		
Graph 17 ==================================
2.3094		2.0000		2.3094		2.0000		1.5275		1.3540		
2.3094		2.0000		1.5275		0.8165		1.6330		1.0801		
1.3540		0.7071		0.8165		0.4714		0.0000		2.3094		
2.0000		1.5275		0.8165		1.2910		1.6330		1.0801		
1.0000		1.3540		0.8909		0.7071		0.9179		0.8165		
0.9546		0.4714		0.8549		0.9434		1.2910		1.1365		
0.8838		0.7071		0.6500		0.5774		1.1587		0.9129		
0.8108		0.7132		0.0000		0.7758		0.8870		1.0374		
1.1055		1.0206		1.2583		
Graph 18 ==================================
0.0000		2.0000		0.0000		2.0000		2.2361		2.1213		
0.0000		2.0000		2.2361		2.4495		2.8284		2.5495		
2.1213		2.4152		2.4495		2.3570		2.3094		0.0000		
2.0000		2.2361		2.4495		2.6458		2.8284		2.5495		
3.0000		2.1213		2.7689		2.4152		2.6458		2.4495		
2.7080		2.3570		2.6874		2.6141		2.6458		2.5739		
2.8284		2.9155		2.7386		2.6458		2.7386		2.6562		
2.5927		2.6458		2.3094		2.5820		2.5522		2.6034		
2.5604		2.5249		2.5000		
Graph 19 ==================================
2.0000		0.0000		2.0000		0.0000		1.0000		1.5811		
2.0000		0.0000		1.0000		1.4142		2.0000		1.5811		
1.5811		1.7084		1.4142		1.6997		2.0000		2.0000		
0.0000		1.0000		1.4142		1.7321		2.0000		1.5811		
2.2361		1.5811		1.9149		1.7084		1.9401		1.4142		
1.8257		1.6997		2.0376		1.9795		1.7321		1.9039		
2.0000		2.1213		2.0183		2.2361		2.0649		1.9293		
2.0716		1.9823		2.0000		2.0582		2.0631		1.8865		
1.9720		2.0917		2.2913		
Graph 20 ==================================
2.2361		1.0000		2.2361		1.0000		0.0000		0.7071		
2.2361		1.0000		0.0000		1.0000		1.0000		0.7071		
0.7071		0.9584		1.0000		1.1055		1.5275		2.2361		
1.0000		0.0000		1.0000		1.4142		1.0000		0.7071		
1.4142		0.7071		1.2296		0.9584		1.3281		1.0000		
1.2316		1.1055		1.3485		1.3851		1.4142		1.4577		
1.2593		1.5811		1.4400		1.7321		1.2829		1.3123		
1.5138		1.5043		1.5275		1.6030		1.6093		1.3756		
1.4907		1.6956		1.9365		
Graph 21 ==================================
2.4495		1.4142		2.4495		1.4142		1.0000		1.2247		
2.4495		1.4142		1.0000		0.0000		1.4142		0.7071		
1.2247		0.6131		0.0000		0.4714		0.8165		2.4495		
1.4142		1.0000		0.0000		1.0000		1.4142		0.7071		
1.0000		1.2247		0.7155		0.6131		0.8740		0.0000		
0.7189		0.4714		0.9047		0.9584		1.0000		1.0607		
0.7654		0.7071		0.6919		1.0000		1.1242		0.8498		
0.9790		0.7722		0.8165		0.9502		1.0440		0.9445		
1.1055		1.1726		1.5000		
Graph 22 ==================================
2.6458		1.7321		2.6458		1.7321		1.4142		1.5811		
2.6458		1.7321		1.4142		1.0000		1.7321		1.2247		
1.5811		1.1730		1.0000		1.1055		1.2910		2.6458		
1.7321		1.4142		1.0000		0.0000		1.7321		1.2247		
1.4142		1.5811		0.8165		1.1730		0.6180		1.0000		
0.5774		1.1055		0.8289		0.6131		0.0000		0.3536		
1.0000		1.2247		0.8871		1.0000		0.9391		0.6236		
0.7120		0.6818		1.2910		0.6719		0.6207		0.4102		
0.4714		0.6124		0.8660		
Graph 23 ==================================
2.8284		2.0000		2.8284		2.0000		1.0000		0.7071		
2.8284		2.0000		1.0000		1.4142		0.0000		0.7071		
0.7071		0.9584		1.4142		1.2472		1.6330		2.8284		
2.0000		1.0000		1.4142		1.7321		0.0000		0.7071		
1.0000		0.7071		1.1650		0.9584		1.3281		1.4142		
1.3040		1.2472		1.2187		1.3851		1.7321		1.6202		
1.0824		1.5811		1.4400		1.7321		1.0138		1.3123		
1.5138		1.6113		1.6330		1.7038		1.7097		1.4918		
1.5986		1.8371		2.0616		
Graph 24 ==================================
2.5495		1.5811		2.5495		1.5811		0.7071		0.7071		
2.5495		1.5811		0.7071		0.7071		0.7071		0.0000		
0.7071		0.3837		0.7071		0.6236		1.0801		2.5495		
1.5811		0.7071		0.7071		1.2247		0.7071		0.0000		
0.7071		0.7071		0.6593		0.3837		0.8740		0.7071		
0.7801		0.6236		0.8074		0.9584		1.2247		1.1726		
0.6154		1.0000		0.8810		1.2247		0.8037		0.8498		
1.0607		1.0470		1.0801		1.1844		1.2274		1.0290		
1.1785		1.3693		1.6583		
Graph 25 ==================================
3.0000		2.2361		3.0000		2.2361		1.4142		1.2247		
3.0000		2.2361		1.4142		1.0000		1.0000		0.7071		
1.2247		0.6131		1.0000		0.7454		1.0000		3.0000		
2.2361		1.4142		1.0000		1.4142		1.0000		0.7071		
0.0000		1.2247		0.5977		0.6131		0.8740		1.0000		
0.8369		0.7454		0.6966		0.9584		1.4142		1.2748		
0.4142		0.7071		0.6919		1.0000		0.8037		0.8498		
0.9790		0.9642		1.0000		1.1118		1.1930		1.1070		
1.2472		1.3693		1.6583		
Graph 26 ==================================
2.1213		1.5811		2.1213		1.5811		0.7071		0.0000		
2.1213		1.5811		0.7071		1.2247		0.7071		0.7071		
0.0000		0.8045		1.2247		1.0274		1.3540		2.1213		
1.5811		0.7071		1.2247		1.5811		0.7071		0.7071		
1.2247		0.0000		1.1978		0.8045		1.2542		1.2247		
1.2683		1.0274		1.1914		1.2834		1.5811		1.4577		
1.1742		1.5811		1.3894		1.5811		1.0705		1.2472		
1.3782		1.4823		1.3540		1.5309		1.5234		1.3651		
1.4337		1.6202		1.8028		
Graph 27 ==================================
2.7689		1.9149		2.7689		1.9149		1.2296		1.1978		
2.7689		1.9149		1.2296		0.7155		1.1650		0.6593		
1.1978		0.5572		0.7155		0.5910		0.8909		2.7689		
1.9149		1.2296		0.7155		0.8165		1.1650		0.6593		
0.5977		1.1978		0.0000		0.5572		0.3383		0.7155		
0.2391		0.5910		0.2872		0.4485		0.8165		0.7092		
0.1835		0.6593		0.3478		0.7155		0.5076		0.3055		
0.5287		0.4951		0.8909		0.6453		0.7046		0.5391		
0.7099		0.8678		1.1902		
Graph 28 ==================================
2.4152		1.7084		2.4152		1.7084		0.9584		0.8045		
2.4152		1.7084		0.9584		0.6131		0.9584		0.3837		
0.8045		0.0000		0.6131		0.2897		0.7071		2.4152		
1.7084		0.9584		0.6131		1.1730		0.9584		0.3837		
0.6131		0.8045		0.5572		0.0000		0.7323		0.6131		
0.6961		0.2897		0.6338		0.8045		1.1730		1.0561		
0.5046		0.7776		0.6426		0.9129		0.7654		0.7125		
0.8352		0.8156		0.7071		0.9407		1.0052		0.9104		
1.0411		1.1593		1.4434		
Graph 29 ==================================
2.6458		1.9401		2.6458		1.9401		1.3281		1.2542		
2.6458		1.9401		1.3281		0.8740		1.3281		0.8740		
1.2542		0.7323		0.8740		0.7249		0.9179		2.6458		
1.9401		1.3281		0.8740		0.6180		1.3281		0.8740		
0.8740		1.2542		0.3383		0.7323		0.0000		0.8740		
0.2340		0.7249		0.2126		0.1136		0.6180		0.4018		
0.4877		0.8740		0.4581		0.6180		0.4370		0.0344		
0.2637		0.3953		0.9179		0.4250		0.4197		0.2388		
0.3789		0.5621		0.8660		
Graph 30 ==================================
2.4495		1.4142		2.4495		1.4142		1.0000		1.2247		
2.4495		1.4142		1.0000		0.0000		1.4142		0.7071		
1.2247		0.6131		0.0000		0.4714		0.8165		2.4495		
1.4142		1.0000		0.0000		1.0000		1.4142		0.7071		
1.0000		1.2247		0.7155		0.6131		0.8740		0.0000		
0.7189		0.4714		0.9047		0.9584		1.0000		1.0607		
0.7654		0.7071		0.6919		1.0000		1.1242		0.8498		
0.9790		0.7722		0.8165		0.9502		1.0440		0.9445		
1.1055		1.1726		1.5000		
Graph 31 ==================================
2.7080		1.8257		2.7080		1.8257		1.2316		1.2683		
2.7080		1.8257		1.2316		0.7189		1.3040		0.7801		
1.2683		0.6961		0.7189		0.6833		0.9546		2.7080		
1.8257		1.2316		0.7189		0.5774		1.3040		0.7801		
0.8369		1.2683		0.2391		0.6961		0.2340		0.7189		
0.0000		0.6833		0.3485		0.3380		0.5774		0.5042		
0.4226		0.7801		0.4218		0.7189		0.5499		0.2045		
0.4562		0.4140		0.9546		0.5372		0.5708		0.3417		
0.5323		0.7101		1.0408		
Graph 32 ==================================
2.3570		1.6997		2.3570		1.6997		1.1055		1.0274		
2.3570		1.6997		1.1055		0.4714		1.2472		0.6236		
1.0274		0.2897		0.4714		0.0000		0.4714		2.3570		
1.6997		1.1055		0.4714		1.1055		1.2472		0.6236		
0.7454		1.0274		0.5910		0.2897		0.7249		0.4714		
0.6833		0.0000		0.6643		0.7915		1.1055		1.0069		
0.5802		0.6236		0.5216		0.7454		0.9053		0.7071		
0.7653		0.6643		0.4714		0.8008		0.8941		0.8729		
1.0000		1.0475		1.3437		
Graph 33 ==================================
2.6874		2.0376		2.6874		2.0376		1.3485		1.1914		
2.6874		2.0376		1.3485		0.9047		1.2187		0.8074		
1.1914		0.6338		0.9047		0.6643		0.8549		2.6874		
2.0376		1.3485		0.9047		0.8289		1.2187		0.8074		
0.6966		1.1914		0.2872		0.6338		0.2126		0.9047		
0.3485		0.6643		0.0000		0.2675		0.8289		0.6021		
0.3607		0.8074		0.4153		0.5947		0.3649		0.2056		
0.3267		0.4714		0.8549		0.5229		0.5450		0.4475		
0.5567		0.7045		0.9860		
Graph 34 ==================================
2.6141		1.9795		2.6141		1.9795		1.3851		1.2834		
2.6141		1.9795		1.3851		0.9584		1.3851		0.9584		
1.2834		0.8045		0.9584		0.7915		0.9434		2.6141		
1.9795		1.3851		0.9584		0.6131		1.3851		0.9584		
0.9584		1.2834		0.4485		0.8045		0.1136		0.9584		
0.3380		0.7915		0.2675		0.0000		0.6131		0.3395		
0.5877		0.9584		0.5346		0.6131		0.4515		0.1480		
0.2110		0.4274		0.9434		0.3945		0.3519		0.2044		
0.2897		0.4792		0.7638		
Graph 35 ==================================
2.6458		1.7321		2.6458		1.7321		1.4142		1.5811		
2.6458		1.7321		1.4142		1.0000		1.7321		1.2247		
1.5811		1.1730		1.0000		1.1055		1.2910		2.6458		
1.7321		1.4142		1.0000		0.0000		1.7321		1.2247		
1.4142		1.5811		0.8165		1.1730		0.6180		1.0000		
0.5774		1.1055		0.8289		0.6131		0.0000		0.3536		
1.0000		1.2247		0.8871		1.0000		0.9391		0.6236		
0.7120		0.6818		1.2910		0.6719		0.6207		0.4102		
0.4714		0.6124		0.8660		
Graph 36 ==================================
2.5739		1.9039		2.5739		1.9039		1.4577		1.4577		
2.5739		1.9039		1.4577		1.0607		1.6202		1.1726		
1.4577		1.0561		1.0607		1.0069		1.1365		2.5739		
1.9039		1.4577		1.0607		0.3536		1.6202		1.1726		
1.2748		1.4577		0.7092		1.0561		0.4018		1.0607		
0.5042		1.0069		0.6021		0.3395		0.3536		0.0000		
0.8783		1.1726		0.7682		0.7906		0.7120		0.4249		
0.4310		0.5540		1.1365		0.4621		0.3546		0.1703		
0.1179		0.3536		0.6124		
Graph 37 ==================================
2.8284		2.0000		2.8284		2.0000		1.2593		1.1742		
2.8284		2.0000		1.2593		0.7654		1.0824		0.6154		
1.1742		0.5046		0.7654		0.5802		0.8838		2.8284		
2.0000		1.2593		0.7654		1.0000		1.0824		0.6154		
0.4142		1.1742		0.1835		0.5046		0.4877		0.7654		
0.4226		0.5802		0.3607		0.5877		1.0000		0.8783		
0.0000		0.6154		0.3934		0.7654		0.5485		0.4587		
0.6418		0.6159		0.8838		0.7695		0.8396		0.7083		
0.8665		1.0107		1.3229		
Graph 38 ==================================
2.9155		2.1213		2.9155		2.1213		1.5811		1.5811		
2.9155		2.1213		1.5811		0.7071		1.5811		1.0000		
1.5811		0.7776		0.7071		0.6236		0.7071		2.9155		
2.1213		1.5811		0.7071		1.2247		1.5811		1.0000		
0.7071		1.5811		0.6593		0.7776		0.8740		0.7071		
0.7801		0.6236		0.8074		0.9584		1.2247		1.1726		
0.6154		0.0000		0.4257		0.7071		1.1242		0.8498		
0.8898		0.6555		0.7071		0.8580		1.0033		1.0290		
1.1785		1.1726		1.5000		
Graph 39 ==================================
2.7386		2.0183		2.7386		2.0183		1.4400		1.3894		
2.7386		2.0183		1.4400		0.6919		1.4400		0.8810		
1.3894		0.6426		0.6919		0.5216		0.6500		2.7386		
2.0183		1.4400		0.6919		0.8871		1.4400		0.8810		
0.6919		1.3894		0.3478		0.6426		0.4581		0.6919		
0.4218		0.5216		0.4153		0.5346		0.8871		0.7682		
0.3934		0.4257		0.0000		0.4380		0.7646		0.4381		
0.4726		0.2920		0.6500		0.4850		0.6098		0.6206		
0.7617		0.7872		1.1180		
Graph 40 ==================================
2.6458		2.2361		2.6458		2.2361		1.7321		1.5811		
2.6458		2.2361		1.7321		1.0000		1.7321		1.2247		
1.5811		0.9129		1.0000		0.7454		0.5774		2.6458		
2.2361		1.7321		1.0000		1.0000		1.7321		1.2247		
1.0000		1.5811		0.7155		0.9129		0.6180		1.0000		
0.7189		0.7454		0.5947		0.6131		1.0000		0.7906		
0.7654		0.7071		0.4380		0.0000		0.9391		0.6236		
0.4167		0.3626		0.5774		0.3436		0.4675		0.7083		
0.7454		0.6124		0.8660		
Graph 41 ==================================
2.7386		2.0649		2.7386		2.0649		1.2829		1.0705		
2.7386		2.0649		1.2829		1.1242		1.0138		0.8037		
1.0705		0.7654		1.1242		0.9053		1.1587		2.7386		
2.0649		1.2829		1.1242		0.9391		1.0138		0.8037		
0.8037		1.0705		0.5076		0.7654		0.4370		1.1242		
0.5499		0.9053		0.3649		0.4515		0.9391		0.7120		
0.5485		1.1242		0.7646		0.9391		0.0000		0.4384		
0.6029		0.8101		1.1587		0.8250		0.7904		0.5925		
0.6615		0.9033		1.1180		
Graph 42 ==================================
2.6562		1.9293		2.6562		1.9293		1.3123		1.2472		
2.6562		1.9293		1.3123		0.8498		1.3123		0.8498		
1.2472		0.7125		0.8498		0.7071		0.9129		2.6562		
1.9293		1.3123		0.8498		0.6236		1.3123		0.8498		
0.8498		1.2472		0.3055		0.7125		0.0344		0.8498		
0.2045		0.7071		0.2056		0.1480		0.6236		0.4249		
0.4587		0.8498		0.4381		0.6236		0.4384		0.0000		
0.2867		0.3917		0.9129		0.4397		0.4440		0.2583		
0.4082		0.5893		0.8975		
Graph 43 ==================================
2.5927		2.0716		2.5927		2.0716		1.5138		1.3782		
2.5927		2.0716		1.5138		0.9790		1.5138		1.0607		
1.3782		0.8352		0.9790		0.7653		0.8108		2.5927		
2.0716		1.5138		0.9790		0.7120		1.5138		1.0607		
0.9790		1.3782		0.5287		0.8352		0.2637		0.9790		
0.4562		0.7653		0.3267		0.2110		0.7120		0.4310		
0.6418		0.8898		0.4726		0.4167		0.6029		0.2867		
0.0000		0.3267		0.8108		0.2357		0.2294		0.3361		
0.3664		0.3953		0.6872		
Graph 44 ==================================
2.6458		1.9823		2.6458		1.9823		1.5043		1.4823		
2.6458		1.9823		1.5043		0.7722		1.6113		1.0470		
1.4823		0.8156		0.7722		0.6643		0.7132		2.6458		
1.9823		1.5043		0.7722		0.6818		1.6113		1.0470		
0.9642		1.4823		0.4951		0.8156		0.3953		0.7722		
0.4140		0.6643		0.4714		0.4274		0.6818		0.5540		
0.6159		0.6555		0.2920		0.3626		0.8101		0.3917		
0.3267		0.0000		0.7132		0.2262		0.3611		0.4475		
0.5567		0.5235		0.8660		
Graph 45 ==================================
2.3094		2.0000		2.3094		2.0000		1.5275		1.3540		
2.3094		2.0000		1.5275		0.8165		1.6330		1.0801		
1.3540		0.7071		0.8165		0.4714		0.0000		2.3094		
2.0000		1.5275		0.8165		1.2910		1.6330		1.0801		
1.0000		1.3540		0.8909		0.7071		0.9179		0.8165		
0.9546		0.4714		0.8549		0.9434		1.2910		1.1365		
0.8838		0.7071		0.6500		0.5774		1.1587		0.9129		
0.8108		0.7132		0.0000		0.7758		0.8870		1.0374		
1.1055		1.0206		1.2583		
Graph 46 ==================================
2.5820		2.0582		2.5820		2.0582		1.6030		1.5309		
2.5820		2.0582		1.6030		0.9502		1.7038		1.1844		
1.5309		0.9407		0.9502		0.8008		0.7758		2.5820		
2.0582		1.6030		0.9502		0.6719		1.7038		1.1844		
1.1118		1.5309		0.6453		0.9407		0.4250		0.9502		
0.5372		0.8008		0.5229		0.3945		0.6719		0.4621		
0.7695		0.8580		0.4850		0.3436		0.8250		0.4397		
0.2357		0.2262		0.7758		0.0000		0.1576		0.4105		
0.4357		0.3173		0.6455		
Graph 47 ==================================
2.5522		2.0631		2.5522		2.0631		1.6093		1.5234		
2.5522		2.0631		1.6093		1.0440		1.7097		1.2274		
1.5234		1.0052		1.0440		0.8941		0.8870		2.5522		
2.0631		1.6093		1.0440		0.6207		1.7097		1.2274		
1.1930		1.5234		0.7046		1.0052		0.4197		1.0440		
0.5708		0.8941		0.5450		0.3519		0.6207		0.3546		
0.8396		1.0033		0.6098		0.4675		0.7904		0.4440		
0.2294		0.3611		0.8870		0.1576		0.0000		0.3470		
0.3079		0.1814		0.5137		
Graph 48 ==================================
2.6034		1.8865		2.6034		1.8865		1.3756		1.3651		
2.6034		1.8865		1.3756		0.9445		1.4918		1.0290		
1.3651		0.9104		0.9445		0.8729		1.0374		2.6034		
1.8865		1.3756		0.9445		0.4102		1.4918		1.0290		
1.1070		1.3651		0.5391		0.9104		0.2388		0.9445		
0.3417		0.8729		0.4475		0.2044		0.4102		0.1703		
0.7083		1.0290		0.6206		0.7083		0.5925		0.2583		
0.3361		0.4475		1.0374		0.4105		0.3470		0.0000		
0.1953		0.4259		0.7265		
Graph 49 ==================================
2.5604		1.9720		2.5604		1.9720		1.4907		1.4337		
2.5604		1.9720		1.4907		1.1055		1.5986		1.1785		
1.4337		1.0411		1.1055		1.0000		1.1055		2.5604		
1.9720		1.4907		1.1055		0.4714		1.5986		1.1785		
1.2472		1.4337		0.7099		1.0411		0.3789		1.1055		
0.5323		1.0000		0.5567		0.2897		0.4714		0.1179		
0.8665		1.1785		0.7617		0.7454		0.6615		0.4082		
0.3664		0.5567		1.1055		0.4357		0.3079		0.1953		
0.0000		0.3118		0.5528		
Graph 50 ==================================
