0/51
eigenvalues = 0	0	
1/51
eigenvalues = 2	0	
2/51
eigenvalues = 0	0	0	
3/51
eigenvalues = 2	0	0	
4/51
eigenvalues = 3	1	0	
5/51
eigenvalues = 3	3	0	
6/51
eigenvalues = 0	0	0	0	
7/51
eigenvalues = 2	0	0	0	
8/51
eigenvalues = 3	1	0	0	
9/51
eigenvalues = 4	1	1	0	
10/51
eigenvalues = 2	2	0	0	
11/51
eigenvalues = 3.41421	2	0.585786	0	
12/51
eigenvalues = 3	3	0	0	
13/51
eigenvalues = 4	3	1	0	
14/51
eigenvalues = 4	2	2	0	
15/51
eigenvalues = 4	4	2	0	
16/51
eigenvalues = 4	4	4	0	
17/51
eigenvalues = 0	0	0	0	0	
18/51
eigenvalues = 2	0	0	0	0	
19/51
eigenvalues = 3	1	0	0	0	
20/51
eigenvalues = 4	1	1	0	0	
21/51
eigenvalues = 5	1	1	1	0	
22/51
eigenvalues = 2	2	0	0	0	
23/51
eigenvalues = 3.41421	2	0.585786	0	0	
24/51
eigenvalues = 3	2	1	0	0	
25/51
eigenvalues = 3	3	0	0	0	
26/51
eigenvalues = 4.17009	2.31111	1	0.518806	0	
27/51
eigenvalues = 4	3	1	0	0	
28/51
eigenvalues = 5	3	1	1	0	
29/51
eigenvalues = 4	2	2	0	0	
30/51
eigenvalues = 4.48119	2.68889	2	0.829914	0	
31/51
eigenvalues = 4	4	2	0	0	
32/51
eigenvalues = 4.30278	3.61803	1.38197	0.697224	0	
33/51
eigenvalues = 5	4	2	1	0	
34/51
eigenvalues = 5	3	2	2	0	
35/51
eigenvalues = 5	5	2	2	0	
36/51
eigenvalues = 3.61803	2.61803	1.38197	0.381966	0	
37/51
eigenvalues = 3	3	2	0	0	
38/51
eigenvalues = 4.17009	3	2.31111	0.518806	0	
39/51
eigenvalues = 5	3	3	1	0	
40/51
eigenvalues = 3.61803	3.61803	1.38197	1.38197	0	
41/51
eigenvalues = 4.61803	3.61803	2.38197	1.38197	0	
42/51
eigenvalues = 5	4.41421	3	1.58579	0	
43/51
eigenvalues = 4.48119	4	2.68889	0.829914	0	
44/51
eigenvalues = 4	4	4	0	0	
45/51
eigenvalues = 5	4	4	1	0	
46/51
eigenvalues = 5	5	4	2	0	
47/51
eigenvalues = 5	4	3	2	0	
48/51
eigenvalues = 5	5	3	3	0	
49/51
eigenvalues = 5	5	5	3	0	
50/51
eigenvalues = 5	5	5	5	0	
0	0	0	0	0	0	0	0	0	0	0	0	0	0	0	0	0	0	0	0	0	0	0	0	0	0	0	0	0	0	0	0	0	0	0	0	0	0	0	0	0	0	0	0	0	0	0	0	0	0	0
0	0	0	0	1	1	0	0	1	2	0	1.414	1	2	2	2	2	0	0	1	2	3	0	1.414	1	1	2.17	2	3	2	2.481	2	2.303	3	3	3	1.618	1	2.17	3	1.618	2.618	3	2.481	2	3	3	3	3	3	3
0	0	0	0	0	0	0	0	0	0	0	0	0	0	0	0	0	0	0	0	0	0	0	0	0	0	0	0	0	0	0	0	0	0	0	0	0	0	0	0	0	0	0	0	0	0	0	0	0	0	0
0	0	0	0	1	1	0	0	1	2	0	1.414	1	2	2	2	2	0	0	1	2	3	0	1.414	1	1	2.17	2	3	2	2.481	2	2.303	3	3	3	1.618	1	2.17	3	1.618	2.618	3	2.481	2	3	3	3	3	3	3
0	1	0	1	0	2	0	1	0	1	1.414	1.082	2	2.236	1.414	3.162	3.162	0	1	0	1	2	1.414	1.082	1	2	1.757	2.236	2.828	1.414	2.246	3.162	2.924	3.606	2.828	4.472	1.732	2	2.317	2.828	2.69	3.078	3.957	3.346	3.162	3.606	4.472	3.606	4.472	4.472	4.472
0	1	0	1	2	0	0	1	2	2.236	1.414	1.082	0	1	1.414	1.414	1.414	0	1	2	2.236	2.828	1.414	1.082	1	8.882e-16	1.358	1	2	1.414	1.514	1.414	1.442	2.236	2	2.828	0.7265	0	1.17	2	0.874	1.732	2.449	1.787	1.414	2.236	2.828	2.236	2.828	2.828	2.828
0	0	0	0	0	0	0	0	0	0	0	0	0	0	0	0	0	0	0	0	0	0	0	0	0	0	0	0	0	0	0	0	0	0	0	0	0	0	0	0	0	0	0	0	0	0	0	0	0	0	0
0	0	0	0	1	1	0	0	1	2	0	1.414	1	2	2	2	2	0	0	1	2	3	0	1.414	1	1	2.17	2	3	2	2.481	2	2.303	3	3	3	1.618	1	2.17	3	1.618	2.618	3	2.481	2	3	3	3	3	3	3
0	1	0	1	0	2	0	1	0	1	1.414	1.082	2	2.236	1.414	3.162	3.162	0	1	0	1	2	1.414	1.082	1	2	1.757	2.236	2.828	1.414	2.246	3.162	2.924	3.606	2.828	4.472	1.732	2	2.317	2.828	2.69	3.078	3.957	3.346	3.162	3.606	4.472	3.606	4.472	4.472	4.472
0	2	0	2	1	2.236	0	2	1	0	2.236	1.231	2.236	2	1.414	3.162	4.243	0	2	1	0	1	2.236	1.231	1.414	2.236	1.322	2	2.236	1.414	2.021	3.162	2.663	3.317	2.449	4.243	1.706	2.449	2.397	3	2.673	3.024	4.081	3.476	4.243	4.359	5.099	3.742	4.583	5.745	5.745
0	0	0	0	1.414	1.414	0	0	1.414	2.236	0	1.414	1.414	2.236	2	2.828	2.828	0	0	1.414	2.236	3.162	0	1.414	1	1.414	2.192	2.236	3.162	2	2.575	2.828	2.814	3.606	3.162	4.243	1.732	1.414	2.389	3.162	2.288	3.078	3.851	3.187	2.828	3.606	4.243	3.606	4.243	4.243	4.243
0	1.414	0	1.414	1.082	1.082	0	1.414	1.082	1.231	1.414	0	1.082	1.231	1.531	2.519	4	0	1.414	1.082	1.231	1.92	1.414	4.441e-16	0.5858	1.082	0.9164	1.231	1.92	1.531	1.901	2.519	2.01	2.918	2.348	3.676	1.028	1.781	2.133	3.057	1.815	2.701	3.765	3.092	4	4.263	4.814	3.513	4.165	5.568	5.568
0	1	0	1	2	0	0	1	2	2.236	1.414	1.082	0	1	1.414	1.414	1.414	0	1	2	2.236	2.828	1.414	1.082	1	8.882e-16	1.358	1	2	1.414	1.514	1.414	1.442	2.236	2	2.828	0.7265	0	1.17	2	0.874	1.732	2.449	1.787	1.414	2.236	2.828	2.236	2.828	2.828	2.828
0	2	0	2	2.236	1	0	2	2.236	2	2.236	1.231	1	0	1.414	1.414	3.162	0	2	2.236	2	2.236	2.236	1.231	1.414	1	0.7096	1.897e-15	1	1.414	1.153	1.414	0.7871	1.732	1.414	2.449	0.6616	1.414	1.322	2.236	0.8208	1.635	2.646	2.021	3.162	3.317	3.742	2.449	3	4.583	4.583
0	2	0	2	1.414	1.414	0	2	1.414	1.414	2	1.531	1.414	1.414	0	2	2.828	0	2	1.414	1.414	1.732	2	1.531	1.414	1.414	1.061	1.414	1.732	4.441e-16	0.8403	2	1.758	2.236	1.414	3.162	0.9539	1.414	1.061	1.732	1.774	1.774	2.798	2.169	2.828	3	3.742	2.449	3.317	4.359	4.359
0	2	0	2	3.162	1.414	0	2	3.162	3.162	2.828	2.519	1.414	1.414	2	0	2	0	2	3.162	3.162	3.317	2.828	2.519	2.449	1.414	1.97	1.414	1.732	2	1.397	6.28e-16	0.7871	1	1.414	1.414	1.561	1.414	1.061	1.732	0.8208	0.8208	1.474	0.8403	2	2.236	2.449	1.414	1.732	3.317	3.317
0	2	0	2	3.162	1.414	0	2	3.162	4.243	2.828	4	1.414	3.162	2.828	2	0	0	2	3.162	4.243	4.359	2.828	4	3.742	1.414	3.447	3.162	3.317	2.828	2.439	2	2.663	2.236	2.449	2.449	2.985	2.449	1.97	1.732	2.673	1.774	1.474	1.397	8.882e-16	1	1.414	1.414	1.732	1.732	1.732
0	0	0	0	0	0	0	0	0	0	0	0	0	0	0	0	0	0	0	0	0	0	0	0	0	0	0	0	0	0	0	0	0	0	0	0	0	0	0	0	0	0	0	0	0	0	0	0	0	0	0
0	0	0	0	1	1	0	0	1	2	0	1.414	1	2	2	2	2	0	0	1	2	3	0	1.414	1	1	2.17	2	3	2	2.481	2	2.303	3	3	3	1.618	1	2.17	3	1.618	2.618	3	2.481	2	3	3	3	3	3	3
0	1	0	1	0	2	0	1	0	1	1.414	1.082	2	2.236	1.414	3.162	3.162	0	1	0	1	2	1.414	1.082	1	2	1.757	2.236	2.828	1.414	2.246	3.162	2.924	3.606	2.828	4.472	1.732	2	2.317	2.828	2.69	3.078	3.957	3.346	3.162	3.606	4.472	3.606	4.472	4.472	4.472
0	2	0	2	1	2.236	0	2	1	0	2.236	1.231	2.236	2	1.414	3.162	4.243	0	2	1	0	1	2.236	1.231	1.414	2.236	1.322	2	2.236	1.414	2.021	3.162	2.663	3.317	2.449	4.243	1.706	2.449	2.397	3	2.673	3.024	4.081	3.476	4.243	4.359	5.099	3.742	4.583	5.745	5.745
0	3	0	3	2	2.828	0	3	2	1	3.162	1.92	2.828	2.236	1.732	3.317	4.359	0	3	2	1	0	3.162	1.92	2.236	2.828	1.625	2.236	2	1.732	2.037	3.317	2.753	3.162	2.449	4.243	2.248	3	2.577	2.828	3.009	3.009	4	3.486	4.359	4.243	5.099	3.742	4.899	6	6.928
0	0	0	0	1.414	1.414	0	0	1.414	2.236	0	1.414	1.414	2.236	2	2.828	2.828	0	0	1.414	2.236	3.162	0	1.414	1	1.414	2.192	2.236	3.162	2	2.575	2.828	2.814	3.606	3.162	4.243	1.732	1.414	2.389	3.162	2.288	3.078	3.851	3.187	2.828	3.606	4.243	3.606	4.243	4.243	4.243
0	1.414	0	1.414	1.082	1.082	0	1.414	1.082	1.231	1.414	4.441e-16	1.082	1.231	1.531	2.519	4	0	1.414	1.082	1.231	1.92	1.414	0	0.5858	1.082	0.9164	1.231	1.92	1.531	1.901	2.519	2.01	2.918	2.348	3.676	1.028	1.781	2.133	3.057	1.815	2.701	3.765	3.092	4	4.263	4.814	3.513	4.165	5.568	5.568
0	1	0	1	1	1	0	1	1	1.414	1	0.5858	1	1.414	1.414	2.449	3.742	0	1	1	1.414	2.236	1	0.5858	0	1	1.211	1.414	2.236	1.414	1.915	2.449	2.112	3	2.449	3.742	0.9539	1.414	2.022	3	1.774	2.673	3.719	3.008	3.742	4.123	4.69	3.464	4.123	5.385	5.385
0	1	0	1	2	8.882e-16	0	1	2	2.236	1.414	1.082	8.882e-16	1	1.414	1.414	1.414	0	1	2	2.236	2.828	1.414	1.082	1	0	1.358	1	2	1.414	1.514	1.414	1.442	2.236	2	2.828	0.7265	8.882e-16	1.17	2	0.874	1.732	2.449	1.787	1.414	2.236	2.828	2.236	2.828	2.828	2.828
0	2.17	0	2.17	1.757	1.358	0	2.17	1.757	1.322	2.192	0.9164	1.358	0.7096	1.061	1.97	3.447	0	2.17	1.757	1.322	1.625	2.192	0.9164	1.211	1.358	0	0.7096	1.181	1.061	1.156	1.97	1.38	2.185	2.087	3.334	0.7507	1.686	1.481	2.323	1.704	2.136	3.202	2.429	3.447	3.574	4.372	3.12	4.251	5.484	6.633
0	2	0	2	2.236	1	0	2	2.236	2	2.236	1.231	1	1.897e-15	1.414	1.414	3.162	0	2	2.236	2	2.236	2.236	1.231	1.414	1	0.7096	0	1	1.414	1.153	1.414	0.7871	1.732	1.414	2.449	0.6616	1.414	1.322	2.236	0.8208	1.635	2.646	2.021	3.162	3.317	3.742	2.449	3	4.583	4.583
0	3	0	3	2.828	2	0	3	2.828	2.236	3.162	1.92	2	1	1.732	1.732	3.317	0	3	2.828	2.236	2	3.162	1.92	2.236	2	1.181	1	0	1.732	1.181	1.732	1.052	1.414	1.414	2.449	1.607	2.236	1.625	2	1.607	1.607	2.519	2.037	3.317	3.162	3.742	2.449	3.464	4.899	6
0	2	0	2	1.414	1.414	0	2	1.414	1.414	2	1.531	1.414	1.414	4.441e-16	2	2.828	0	2	1.414	1.414	1.732	2	1.531	1.414	1.414	1.061	1.414	1.732	0	0.8403	2	1.758	2.236	1.414	3.162	0.9539	1.414	1.061	1.732	1.774	1.774	2.798	2.169	2.828	3	3.742	2.449	3.317	4.359	4.359
0	2.481	0	2.481	2.246	1.514	0	2.481	2.246	2.021	2.575	1.901	1.514	1.153	0.8403	1.397	2.439	0	2.481	2.246	2.021	2.037	2.575	1.901	1.915	1.514	1.156	1.153	1.181	0.8403	0	1.397	1.138	1.42	1.317	2.642	1.154	1.514	0.6222	1.181	1.515	1.154	2.195	1.481	2.439	2.453	3.314	2.087	3.364	4.395	5.657
0	2	0	2	3.162	1.414	0	2	3.162	3.162	2.828	2.519	1.414	1.414	2	6.28e-16	2	0	2	3.162	3.162	3.317	2.828	2.519	2.449	1.414	1.97	1.414	1.732	2	1.397	0	0.7871	1	1.414	1.414	1.561	1.414	1.061	1.732	0.8208	0.8208	1.474	0.8403	2	2.236	2.449	1.414	1.732	3.317	3.317
0	2.303	0	2.303	2.924	1.442	0	2.303	2.924	2.663	2.814	2.01	1.442	0.7871	1.758	0.7871	2.663	0	2.303	2.924	2.663	2.753	2.814	2.01	2.112	1.442	1.38	0.7871	1.052	1.758	1.138	0.7871	0	1.052	1.717	2.115	1.252	1.569	1.138	1.892	0.9684	1.252	2.128	1.38	2.663	2.753	3.309	2.224	3.212	4.559	5.831
0	3	0	3	3.606	2.236	0	3	3.606	3.317	3.606	2.918	2.236	1.732	2.236	1	2.236	0	3	3.606	3.317	3.162	3.606	2.918	3	2.236	2.185	1.732	1.414	2.236	1.42	1	1.052	0	1.414	1.414	2.141	2.236	1.42	1.414	1.607	0.7639	1.231	0.879	2.236	2	2.449	1.414	2.449	3.742	5.099
0	3	0	3	2.828	2	0	3	2.828	2.449	3.162	2.348	2	1.414	1.414	1.414	2.449	0	3	2.828	2.449	2.449	3.162	2.348	2.449	2	2.087	1.414	1.414	1.414	1.317	1.414	1.717	1.414	0	2	2.248	2	1.726	1.414	1.748	1.027	1.781	1.764	2.449	2.449	2.828	1.414	2.449	3.742	4.69
0	3	0	3	4.472	2.828	0	3	4.472	4.243	4.243	3.676	2.828	2.449	3.162	1.414	2.449	0	3	4.472	4.243	4.243	4.243	3.676	3.742	2.828	3.334	2.449	2.449	3.162	2.642	1.414	2.115	1.414	2	0	3.253	2.828	2.642	2.449	2.141	1.607	1.231	1.764	2.449	2.449	2	1.414	1.414	3.162	4.243
0	1.618	0	1.618	1.732	0.7265	0	1.618	1.732	1.706	1.732	1.028	0.7265	0.6616	0.9539	1.561	2.985	0	1.618	1.732	1.706	2.248	1.732	1.028	0.9539	0.7265	0.7507	0.6616	1.607	0.9539	1.154	1.561	1.252	2.141	2.248	3.253	0	0.9539	1.154	2.248	1.414	2	3.034	2.136	2.985	3.325	4.13	3.009	4.13	5.247	6.481
0	1	0	1	2	0	0	1	2	2.449	1.414	1.781	0	1.414	1.414	1.414	2.449	0	1	2	2.449	3	1.414	1.781	1.414	8.882e-16	1.686	1.414	2.236	1.414	1.514	1.414	1.569	2.236	2	2.828	0.9539	0	1.211	2.236	1.07	1.774	2.646	1.915	2.449	3	3.464	2.449	3	4.123	4.123
0	2.17	0	2.17	2.317	1.17	0	2.17	2.317	2.397	2.389	2.133	1.17	1.322	1.061	1.061	1.97	0	2.17	2.317	2.397	2.577	2.389	2.133	2.022	1.17	1.481	1.322	1.625	1.061	0.6222	1.061	1.138	1.42	1.726	2.642	1.154	1.211	0	1.181	1.515	1.154	2.074	1.156	1.97	2.185	3.12	2.087	3.364	4.251	5.657
0	3	0	3	2.828	2	0	3	2.828	3	3.162	3.057	2	2.236	1.732	1.732	1.732	0	3	2.828	3	2.828	3.162	3.057	3	2	2.323	2.236	2	1.732	1.181	1.732	1.892	1.414	1.414	2.449	2.248	2.236	1.181	0	2.248	1.027	1.531	1.181	1.732	1.414	2.449	1.414	2.828	3.464	4.899
0	1.618	0	1.618	2.69	0.874	0	1.618	2.69	2.673	2.288	1.815	0.874	0.8208	1.774	0.8208	2.673	0	1.618	2.69	2.673	3.009	2.288	1.815	1.774	0.874	1.704	0.8208	1.607	1.774	1.515	0.8208	0.9684	1.607	1.748	2.141	1.414	1.07	1.515	2.248	0	1.414	2.281	1.704	2.673	3.009	3.325	2.248	3.009	4.419	5.477
0	2.618	0	2.618	3.078	1.732	0	2.618	3.078	3.024	3.078	2.701	1.732	1.635	1.774	0.8208	1.774	0	2.618	3.078	3.024	3.009	3.078	2.701	2.673	1.732	2.136	1.635	1.607	1.774	1.154	0.8208	1.252	0.7639	1.027	1.607	2	1.774	1.154	1.027	1.414	0	1.097	0.7507	1.774	1.748	2.248	1.027	2.248	3.395	4.69
0	3	0	3	3.957	2.449	0	3	3.957	4.081	3.851	3.765	2.449	2.646	2.798	1.474	1.474	0	3	3.957	4.081	4	3.851	3.765	3.719	2.449	3.202	2.646	2.519	2.798	2.195	1.474	2.128	1.231	1.781	1.231	3.034	2.646	2.074	1.531	2.281	1.097	0	1.053	1.474	1.231	1.231	0.5858	1.531	2.519	4
0	2.481	0	2.481	3.346	1.787	0	2.481	3.346	3.476	3.187	3.092	1.787	2.021	2.169	0.8403	1.397	0	2.481	3.346	3.476	3.486	3.187	3.092	3.008	1.787	2.429	2.021	2.037	2.169	1.481	0.8403	1.38	0.879	1.764	1.764	2.136	1.915	1.156	1.181	1.704	0.7507	1.053	0	1.397	1.42	2.087	1.317	2.465	3.364	4.899
0	2	0	2	3.162	1.414	0	2	3.162	4.243	2.828	4	1.414	3.162	2.828	2	8.882e-16	0	2	3.162	4.243	4.359	2.828	4	3.742	1.414	3.447	3.162	3.317	2.828	2.439	2	2.663	2.236	2.449	2.449	2.985	2.449	1.97	1.732	2.673	1.774	1.474	1.397	0	1	1.414	1.414	1.732	1.732	1.732
0	3	0	3	3.606	2.236	0	3	3.606	4.359	3.606	4.263	2.236	3.317	3	2.236	1	0	3	3.606	4.359	4.243	3.606	4.263	4.123	2.236	3.574	3.317	3.162	3	2.453	2.236	2.753	2	2.449	2.449	3.325	3	2.185	1.414	3.009	1.748	1.231	1.42	1	0	1.414	1.414	2.449	2.449	4.243
0	3	0	3	4.472	2.828	0	3	4.472	5.099	4.243	4.814	2.828	3.742	3.742	2.449	1.414	0	3	4.472	5.099	5.099	4.243	4.814	4.69	2.828	4.372	3.742	3.742	3.742	3.314	2.449	3.309	2.449	2.828	2	4.13	3.464	3.12	2.449	3.325	2.248	1.231	2.087	1.414	1.414	0	1.414	1.414	1.414	3.162
0	3	0	3	3.606	2.236	0	3	3.606	3.742	3.606	3.513	2.236	2.449	2.449	1.414	1.414	0	3	3.606	3.742	3.742	3.606	3.513	3.464	2.236	3.12	2.449	2.449	2.449	2.087	1.414	2.224	1.414	1.414	1.414	3.009	2.449	2.087	1.414	2.248	1.027	0.5858	1.317	1.414	1.414	1.414	0	1.414	2.449	3.742
0	3	0	3	4.472	2.828	0	3	4.472	4.583	4.243	4.165	2.828	3	3.317	1.732	1.732	0	3	4.472	4.583	4.899	4.243	4.165	4.123	2.828	4.251	3	3.464	3.317	3.364	1.732	3.212	2.449	2.449	1.414	4.13	3	3.364	2.828	3.009	2.248	1.531	2.465	1.732	2.449	1.414	1.414	0	2	2.828
0	3	0	3	4.472	2.828	0	3	4.472	5.745	4.243	5.568	2.828	4.583	4.359	3.317	1.732	0	3	4.472	5.745	6	4.243	5.568	5.385	2.828	5.484	4.583	4.899	4.359	4.395	3.317	4.559	3.742	3.742	3.162	5.247	4.123	4.251	3.464	4.419	3.395	2.519	3.364	1.732	2.449	1.414	2.449	2	0	2
0	3	0	3	4.472	2.828	0	3	4.472	5.745	4.243	5.568	2.828	4.583	4.359	3.317	1.732	0	3	4.472	5.745	6.928	4.243	5.568	5.385	2.828	6.633	4.583	6	4.359	5.657	3.317	5.831	5.099	4.69	4.243	6.481	4.123	5.657	4.899	5.477	4.69	4	4.899	1.732	4.243	3.162	3.742	2.828	2	0
Best fits
0 1 0.000000
0 1 0.000000
0 1 0.000000
0 1 0.000000
0 1 0.000000
Worst fits
21 50 6.928203
26 50 6.633250
36 50 6.480741
21 49 6.000000
28 50 6.000000
Graph 1 ==================================
0.0000		0.0000		0.0000		0.0000		0.0000		0.0000		
0.0000		0.0000		0.0000		0.0000		0.0000		0.0000		
0.0000		0.0000		0.0000		0.0000		0.0000		0.0000		
0.0000		0.0000		0.0000		0.0000		0.0000		0.0000		
0.0000		0.0000		0.0000		0.0000		0.0000		0.0000		
0.0000		0.0000		0.0000		0.0000		0.0000		0.0000		
0.0000		0.0000		0.0000		0.0000		0.0000		0.0000		
0.0000		0.0000		0.0000		0.0000		0.0000		0.0000		
0.0000		0.0000		0.0000		
Graph 2 ==================================
0.0000		0.0000		0.0000		0.0000		1.0000		1.0000		
0.0000		0.0000		1.0000		2.0000		0.0000		1.4142		
1.0000		2.0000		2.0000		2.0000		2.0000		0.0000		
0.0000		1.0000		2.0000		3.0000		0.0000		1.4142		
1.0000		1.0000		2.1701		2.0000		3.0000		2.0000		
2.4812		2.0000		2.3028		3.0000		3.0000		3.0000		
1.6180		1.0000		2.1701		3.0000		1.6180		2.6180		
3.0000		2.4812		2.0000		3.0000		3.0000		3.0000		
3.0000		3.0000		3.0000		
Graph 3 ==================================
0.0000		0.0000		0.0000		0.0000		0.0000		0.0000		
0.0000		0.0000		0.0000		0.0000		0.0000		0.0000		
0.0000		0.0000		0.0000		0.0000		0.0000		0.0000		
0.0000		0.0000		0.0000		0.0000		0.0000		0.0000		
0.0000		0.0000		0.0000		0.0000		0.0000		0.0000		
0.0000		0.0000		0.0000		0.0000		0.0000		0.0000		
0.0000		0.0000		0.0000		0.0000		0.0000		0.0000		
0.0000		0.0000		0.0000		0.0000		0.0000		0.0000		
0.0000		0.0000		0.0000		
Graph 4 ==================================
0.0000		0.0000		0.0000		0.0000		1.0000		1.0000		
0.0000		0.0000		1.0000		2.0000		0.0000		1.4142		
1.0000		2.0000		2.0000		2.0000		2.0000		0.0000		
0.0000		1.0000		2.0000		3.0000		0.0000		1.4142		
1.0000		1.0000		2.1701		2.0000		3.0000		2.0000		
2.4812		2.0000		2.3028		3.0000		3.0000		3.0000		
1.6180		1.0000		2.1701		3.0000		1.6180		2.6180		
3.0000		2.4812		2.0000		3.0000		3.0000		3.0000		
3.0000		3.0000		3.0000		
Graph 5 ==================================
0.0000		1.0000		0.0000		1.0000		0.0000		2.0000		
0.0000		1.0000		0.0000		1.0000		1.4142		1.0824		
2.0000		2.2361		1.4142		3.1623		3.1623		0.0000		
1.0000		0.0000		1.0000		2.0000		1.4142		1.0824		
1.0000		2.0000		1.7573		2.2361		2.8284		1.4142		
2.2464		3.1623		2.9243		3.6056		2.8284		4.4721		
1.7321		2.0000		2.3171		2.8284		2.6900		3.0777		
3.9569		3.3457		3.1623		3.6056		4.4721		3.6056		
4.4721		4.4721		4.4721		
Graph 6 ==================================
0.0000		1.0000		0.0000		1.0000		2.0000		0.0000		
0.0000		1.0000		2.0000		2.2361		1.4142		1.0824		
0.0000		1.0000		1.4142		1.4142		1.4142		0.0000		
1.0000		2.0000		2.2361		2.8284		1.4142		1.0824		
1.0000		0.0000		1.3578		1.0000		2.0000		1.4142		
1.5135		1.4142		1.4419		2.2361		2.0000		2.8284		
0.7265		0.0000		1.1701		2.0000		0.8740		1.7321		
2.4495		1.7872		1.4142		2.2361		2.8284		2.2361		
2.8284		2.8284		2.8284		
Graph 7 ==================================
0.0000		0.0000		0.0000		0.0000		0.0000		0.0000		
0.0000		0.0000		0.0000		0.0000		0.0000		0.0000		
0.0000		0.0000		0.0000		0.0000		0.0000		0.0000		
0.0000		0.0000		0.0000		0.0000		0.0000		0.0000		
0.0000		0.0000		0.0000		0.0000		0.0000		0.0000		
0.0000		0.0000		0.0000		0.0000		0.0000		0.0000		
0.0000		0.0000		0.0000		0.0000		0.0000		0.0000		
0.0000		0.0000		0.0000		0.0000		0.0000		0.0000		
0.0000		0.0000		0.0000		
Graph 8 ==================================
0.0000		0.0000		0.0000		0.0000		1.0000		1.0000		
0.0000		0.0000		1.0000		2.0000		0.0000		1.4142		
1.0000		2.0000		2.0000		2.0000		2.0000		0.0000		
0.0000		1.0000		2.0000		3.0000		0.0000		1.4142		
1.0000		1.0000		2.1701		2.0000		3.0000		2.0000		
2.4812		2.0000		2.3028		3.0000		3.0000		3.0000		
1.6180		1.0000		2.1701		3.0000		1.6180		2.6180		
3.0000		2.4812		2.0000		3.0000		3.0000		3.0000		
3.0000		3.0000		3.0000		
Graph 9 ==================================
0.0000		1.0000		0.0000		1.0000		0.0000		2.0000		
0.0000		1.0000		0.0000		1.0000		1.4142		1.0824		
2.0000		2.2361		1.4142		3.1623		3.1623		0.0000		
1.0000		0.0000		1.0000		2.0000		1.4142		1.0824		
1.0000		2.0000		1.7573		2.2361		2.8284		1.4142		
2.2464		3.1623		2.9243		3.6056		2.8284		4.4721		
1.7321		2.0000		2.3171		2.8284		2.6900		3.0777		
3.9569		3.3457		3.1623		3.6056		4.4721		3.6056		
4.4721		4.4721		4.4721		
Graph 10 ==================================
0.0000		2.0000		0.0000		2.0000		1.0000		2.2361		
0.0000		2.0000		1.0000		0.0000		2.2361		1.2307		
2.2361		2.0000		1.4142		3.1623		4.2426		0.0000		
2.0000		1.0000		0.0000		1.0000		2.2361		1.2307		
1.4142		2.2361		1.3221		2.0000		2.2361		1.4142		
2.0209		3.1623		2.6630		3.3166		2.4495		4.2426		
1.7058		2.4495		2.3975		3.0000		2.6732		3.0242		
4.0813		3.4762		4.2426		4.3589		5.0990		3.7417		
4.5826		5.7446		5.7446		
Graph 11 ==================================
0.0000		0.0000		0.0000		0.0000		1.4142		1.4142		
0.0000		0.0000		1.4142		2.2361		0.0000		1.4142		
1.4142		2.2361		2.0000		2.8284		2.8284		0.0000		
0.0000		1.4142		2.2361		3.1623		0.0000		1.4142		
1.0000		1.4142		2.1923		2.2361		3.1623		2.0000		
2.5751		2.8284		2.8144		3.6056		3.1623		4.2426		
1.7321		1.4142		2.3894		3.1623		2.2882		3.0777		
3.8508		3.1869		2.8284		3.6056		4.2426		3.6056		
4.2426		4.2426		4.2426		
Graph 12 ==================================
0.0000		1.4142		0.0000		1.4142		1.0824		1.0824		
0.0000		1.4142		1.0824		1.2307		1.4142		0.0000		
1.0824		1.2307		1.5307		2.5186		4.0000		0.0000		
1.4142		1.0824		1.2307		1.9200		1.4142		0.0000		
0.5858		1.0824		0.9164		1.2307		1.9200		1.5307		
1.9008		2.5186		2.0103		2.9180		2.3483		3.6762		
1.0283		1.7809		2.1326		3.0567		1.8148		2.7006		
3.7645		3.0922		4.0000		4.2628		4.8137		3.5133		
4.1645		5.5678		5.5678		
Graph 13 ==================================
0.0000		1.0000		0.0000		1.0000		2.0000		0.0000		
0.0000		1.0000		2.0000		2.2361		1.4142		1.0824		
0.0000		1.0000		1.4142		1.4142		1.4142		0.0000		
1.0000		2.0000		2.2361		2.8284		1.4142		1.0824		
1.0000		0.0000		1.3578		1.0000		2.0000		1.4142		
1.5135		1.4142		1.4419		2.2361		2.0000		2.8284		
0.7265		0.0000		1.1701		2.0000		0.8740		1.7321		
2.4495		1.7872		1.4142		2.2361		2.8284		2.2361		
2.8284		2.8284		2.8284		
Graph 14 ==================================
0.0000		2.0000		0.0000		2.0000		2.2361		1.0000		
0.0000		2.0000		2.2361		2.0000		2.2361		1.2307		
1.0000		0.0000		1.4142		1.4142		3.1623		0.0000		
2.0000		2.2361		2.0000		2.2361		2.2361		1.2307		
1.4142		1.0000		0.7096		0.0000		1.0000		1.4142		
1.1525		1.4142		0.7871		1.7321		1.4142		2.4495		
0.6616		1.4142		1.3221		2.2361		0.8208		1.6352		
2.6458		2.0209		3.1623		3.3166		3.7417		2.4495		
3.0000		4.5826		4.5826		
Graph 15 ==================================
0.0000		2.0000		0.0000		2.0000		1.4142		1.4142		
0.0000		2.0000		1.4142		1.4142		2.0000		1.5307		
1.4142		1.4142		0.0000		2.0000		2.8284		0.0000		
2.0000		1.4142		1.4142		1.7321		2.0000		1.5307		
1.4142		1.4142		1.0610		1.4142		1.7321		0.0000		
0.8403		2.0000		1.7583		2.2361		1.4142		3.1623		
0.9539		1.4142		1.0610		1.7321		1.7737		1.7737		
2.7979		2.1694		2.8284		3.0000		3.7417		2.4495		
3.3166		4.3589		4.3589		
Graph 16 ==================================
0.0000		2.0000		0.0000		2.0000		3.1623		1.4142		
0.0000		2.0000		3.1623		3.1623		2.8284		2.5186		
1.4142		1.4142		2.0000		0.0000		2.0000		0.0000		
2.0000		3.1623		3.1623		3.3166		2.8284		2.5186		
2.4495		1.4142		1.9701		1.4142		1.7321		2.0000		
1.3966		0.0000		0.7871		1.0000		1.4142		1.4142		
1.5613		1.4142		1.0610		1.7321		0.8208		0.8208		
1.4736		0.8403		2.0000		2.2361		2.4495		1.4142		
1.7321		3.3166		3.3166		
Graph 17 ==================================
0.0000		2.0000		0.0000		2.0000		3.1623		1.4142		
0.0000		2.0000		3.1623		4.2426		2.8284		4.0000		
1.4142		3.1623		2.8284		2.0000		0.0000		0.0000		
2.0000		3.1623		4.2426		4.3589		2.8284		4.0000		
3.7417		1.4142		3.4469		3.1623		3.3166		2.8284		
2.4394		2.0000		2.6630		2.2361		2.4495		2.4495		
2.9849		2.4495		1.9701		1.7321		2.6732		1.7737		
1.4736		1.3966		0.0000		1.0000		1.4142		1.4142		
1.7321		1.7321		1.7321		
Graph 18 ==================================
0.0000		0.0000		0.0000		0.0000		0.0000		0.0000		
0.0000		0.0000		0.0000		0.0000		0.0000		0.0000		
0.0000		0.0000		0.0000		0.0000		0.0000		0.0000		
0.0000		0.0000		0.0000		0.0000		0.0000		0.0000		
0.0000		0.0000		0.0000		0.0000		0.0000		0.0000		
0.0000		0.0000		0.0000		0.0000		0.0000		0.0000		
0.0000		0.0000		0.0000		0.0000		0.0000		0.0000		
0.0000		0.0000		0.0000		0.0000		0.0000		0.0000		
0.0000		0.0000		0.0000		
Graph 19 ==================================
0.0000		0.0000		0.0000		0.0000		1.0000		1.0000		
0.0000		0.0000		1.0000		2.0000		0.0000		1.4142		
1.0000		2.0000		2.0000		2.0000		2.0000		0.0000		
0.0000		1.0000		2.0000		3.0000		0.0000		1.4142		
1.0000		1.0000		2.1701		2.0000		3.0000		2.0000		
2.4812		2.0000		2.3028		3.0000		3.0000		3.0000		
1.6180		1.0000		2.1701		3.0000		1.6180		2.6180		
3.0000		2.4812		2.0000		3.0000		3.0000		3.0000		
3.0000		3.0000		3.0000		
Graph 20 ==================================
0.0000		1.0000		0.0000		1.0000		0.0000		2.0000		
0.0000		1.0000		0.0000		1.0000		1.4142		1.0824		
2.0000		2.2361		1.4142		3.1623		3.1623		0.0000		
1.0000		0.0000		1.0000		2.0000		1.4142		1.0824		
1.0000		2.0000		1.7573		2.2361		2.8284		1.4142		
2.2464		3.1623		2.9243		3.6056		2.8284		4.4721		
1.7321		2.0000		2.3171		2.8284		2.6900		3.0777		
3.9569		3.3457		3.1623		3.6056		4.4721		3.6056		
4.4721		4.4721		4.4721		
Graph 21 ==================================
0.0000		2.0000		0.0000		2.0000		1.0000		2.2361		
0.0000		2.0000		1.0000		0.0000		2.2361		1.2307		
2.2361		2.0000		1.4142		3.1623		4.2426		0.0000		
2.0000		1.0000		0.0000		1.0000		2.2361		1.2307		
1.4142		2.2361		1.3221		2.0000		2.2361		1.4142		
2.0209		3.1623		2.6630		3.3166		2.4495		4.2426		
1.7058		2.4495		2.3975		3.0000		2.6732		3.0242		
4.0813		3.4762		4.2426		4.3589		5.0990		3.7417		
4.5826		5.7446		5.7446		
Graph 22 ==================================
0.0000		3.0000		0.0000		3.0000		2.0000		2.8284		
0.0000		3.0000		2.0000		1.0000		3.1623		1.9200		
2.8284		2.2361		1.7321		3.3166		4.3589		0.0000		
3.0000		2.0000		1.0000		0.0000		3.1623		1.9200		
2.2361		2.8284		1.6246		2.2361		2.0000		1.7321		
2.0373		3.3166		2.7528		3.1623		2.4495		4.2426		
2.2485		3.0000		2.5767		2.8284		3.0093		3.0093		
4.0000		3.4857		4.3589		4.2426		5.0990		3.7417		
4.8990		6.0000		6.9282		
Graph 23 ==================================
0.0000		0.0000		0.0000		0.0000		1.4142		1.4142		
0.0000		0.0000		1.4142		2.2361		0.0000		1.4142		
1.4142		2.2361		2.0000		2.8284		2.8284		0.0000		
0.0000		1.4142		2.2361		3.1623		0.0000		1.4142		
1.0000		1.4142		2.1923		2.2361		3.1623		2.0000		
2.5751		2.8284		2.8144		3.6056		3.1623		4.2426		
1.7321		1.4142		2.3894		3.1623		2.2882		3.0777		
3.8508		3.1869		2.8284		3.6056		4.2426		3.6056		
4.2426		4.2426		4.2426		
Graph 24 ==================================
0.0000		1.4142		0.0000		1.4142		1.0824		1.0824		
0.0000		1.4142		1.0824		1.2307		1.4142		0.0000		
1.0824		1.2307		1.5307		2.5186		4.0000		0.0000		
1.4142		1.0824		1.2307		1.9200		1.4142		0.0000		
0.5858		1.0824		0.9164		1.2307		1.9200		1.5307		
1.9008		2.5186		2.0103		2.9180		2.3483		3.6762		
1.0283		1.7809		2.1326		3.0567		1.8148		2.7006		
3.7645		3.0922		4.0000		4.2628		4.8137		3.5133		
4.1645		5.5678		5.5678		
Graph 25 ==================================
0.0000		1.0000		0.0000		1.0000		1.0000		1.0000		
0.0000		1.0000		1.0000		1.4142		1.0000		0.5858		
1.0000		1.4142		1.4142		2.4495		3.7417		0.0000		
1.0000		1.0000		1.4142		2.2361		1.0000		0.5858		
0.0000		1.0000		1.2107		1.4142		2.2361		1.4142		
1.9153		2.4495		2.1121		3.0000		2.4495		3.7417		
0.9539		1.4142		2.0219		3.0000		1.7737		2.6732		
3.7187		3.0077		3.7417		4.1231		4.6904		3.4641		
4.1231		5.3852		5.3852		
Graph 26 ==================================
0.0000		1.0000		0.0000		1.0000		2.0000		0.0000		
0.0000		1.0000		2.0000		2.2361		1.4142		1.0824		
0.0000		1.0000		1.4142		1.4142		1.4142		0.0000		
1.0000		2.0000		2.2361		2.8284		1.4142		1.0824		
1.0000		0.0000		1.3578		1.0000		2.0000		1.4142		
1.5135		1.4142		1.4419		2.2361		2.0000		2.8284		
0.7265		0.0000		1.1701		2.0000		0.8740		1.7321		
2.4495		1.7872		1.4142		2.2361		2.8284		2.2361		
2.8284		2.8284		2.8284		
Graph 27 ==================================
0.0000		2.1701		0.0000		2.1701		1.7573		1.3578		
0.0000		2.1701		1.7573		1.3221		2.1923		0.9164		
1.3578		0.7096		1.0610		1.9701		3.4469		0.0000		
2.1701		1.7573		1.3221		1.6246		2.1923		0.9164		
1.2107		1.3578		0.0000		0.7096		1.1810		1.0610		
1.1560		1.9701		1.3796		2.1846		2.0874		3.3336		
0.7507		1.6863		1.4811		2.3227		1.7040		2.1363		
3.2016		2.4286		3.4469		3.5739		4.3718		3.1201		
4.2515		5.4841		6.6332		
Graph 28 ==================================
0.0000		2.0000		0.0000		2.0000		2.2361		1.0000		
0.0000		2.0000		2.2361		2.0000		2.2361		1.2307		
1.0000		0.0000		1.4142		1.4142		3.1623		0.0000		
2.0000		2.2361		2.0000		2.2361		2.2361		1.2307		
1.4142		1.0000		0.7096		0.0000		1.0000		1.4142		
1.1525		1.4142		0.7871		1.7321		1.4142		2.4495		
0.6616		1.4142		1.3221		2.2361		0.8208		1.6352		
2.6458		2.0209		3.1623		3.3166		3.7417		2.4495		
3.0000		4.5826		4.5826		
Graph 29 ==================================
0.0000		3.0000		0.0000		3.0000		2.8284		2.0000		
0.0000		3.0000		2.8284		2.2361		3.1623		1.9200		
2.0000		1.0000		1.7321		1.7321		3.3166		0.0000		
3.0000		2.8284		2.2361		2.0000		3.1623		1.9200		
2.2361		2.0000		1.1810		1.0000		0.0000		1.7321		
1.1810		1.7321		1.0515		1.4142		1.4142		2.4495		
1.6074		2.2361		1.6246		2.0000		1.6074		1.6074		
2.5186		2.0373		3.3166		3.1623		3.7417		2.4495		
3.4641		4.8990		6.0000		
Graph 30 ==================================
0.0000		2.0000		0.0000		2.0000		1.4142		1.4142		
0.0000		2.0000		1.4142		1.4142		2.0000		1.5307		
1.4142		1.4142		0.0000		2.0000		2.8284		0.0000		
2.0000		1.4142		1.4142		1.7321		2.0000		1.5307		
1.4142		1.4142		1.0610		1.4142		1.7321		0.0000		
0.8403		2.0000		1.7583		2.2361		1.4142		3.1623		
0.9539		1.4142		1.0610		1.7321		1.7737		1.7737		
2.7979		2.1694		2.8284		3.0000		3.7417		2.4495		
3.3166		4.3589		4.3589		
Graph 31 ==================================
0.0000		2.4812		0.0000		2.4812		2.2464		1.5135		
0.0000		2.4812		2.2464		2.0209		2.5751		1.9008		
1.5135		1.1525		0.8403		1.3966		2.4394		0.0000		
2.4812		2.2464		2.0209		2.0373		2.5751		1.9008		
1.9153		1.5135		1.1560		1.1525		1.1810		0.8403		
0.0000		1.3966		1.1379		1.4202		1.3172		2.6419		
1.1544		1.5135		0.6222		1.1810		1.5150		1.1544		
2.1948		1.4811		2.4394		2.4530		3.3135		2.0874		
3.3645		4.3954		5.6569		
Graph 32 ==================================
0.0000		2.0000		0.0000		2.0000		3.1623		1.4142		
0.0000		2.0000		3.1623		3.1623		2.8284		2.5186		
1.4142		1.4142		2.0000		0.0000		2.0000		0.0000		
2.0000		3.1623		3.1623		3.3166		2.8284		2.5186		
2.4495		1.4142		1.9701		1.4142		1.7321		2.0000		
1.3966		0.0000		0.7871		1.0000		1.4142		1.4142		
1.5613		1.4142		1.0610		1.7321		0.8208		0.8208		
1.4736		0.8403		2.0000		2.2361		2.4495		1.4142		
1.7321		3.3166		3.3166		
Graph 33 ==================================
0.0000		2.3028		0.0000		2.3028		2.9243		1.4419		
0.0000		2.3028		2.9243		2.6630		2.8144		2.0103		
1.4419		0.7871		1.7583		0.7871		2.6630		0.0000		
2.3028		2.9243		2.6630		2.7528		2.8144		2.0103		
2.1121		1.4419		1.3796		0.7871		1.0515		1.7583		
1.1379		0.7871		0.0000		1.0515		1.7168		2.1155		
1.2523		1.5688		1.1379		1.8915		0.9684		1.2523		
2.1278		1.3796		2.6630		2.7528		3.3087		2.2242		
3.2120		4.5595		5.8310		
Graph 34 ==================================
0.0000		3.0000		0.0000		3.0000		3.6056		2.2361		
0.0000		3.0000		3.6056		3.3166		3.6056		2.9180		
2.2361		1.7321		2.2361		1.0000		2.2361		0.0000		
3.0000		3.6056		3.3166		3.1623		3.6056		2.9180		
3.0000		2.2361		2.1846		1.7321		1.4142		2.2361		
1.4202		1.0000		1.0515		0.0000		1.4142		1.4142		
2.1409		2.2361		1.4202		1.4142		1.6074		0.7639		
1.2307		0.8790		2.2361		2.0000		2.4495		1.4142		
2.4495		3.7417		5.0990		
Graph 35 ==================================
0.0000		3.0000		0.0000		3.0000		2.8284		2.0000		
0.0000		3.0000		2.8284		2.4495		3.1623		2.3483		
2.0000		1.4142		1.4142		1.4142		2.4495		0.0000		
3.0000		2.8284		2.4495		2.4495		3.1623		2.3483		
2.4495		2.0000		2.0874		1.4142		1.4142		1.4142		
1.3172		1.4142		1.7168		1.4142		0.0000		2.0000		
2.2485		2.0000		1.7261		1.4142		1.7481		1.0275		
1.7809		1.7643		2.4495		2.4495		2.8284		1.4142		
2.4495		3.7417		4.6904		
Graph 36 ==================================
0.0000		3.0000		0.0000		3.0000		4.4721		2.8284		
0.0000		3.0000		4.4721		4.2426		4.2426		3.6762		
2.8284		2.4495		3.1623		1.4142		2.4495		0.0000		
3.0000		4.4721		4.2426		4.2426		4.2426		3.6762		
3.7417		2.8284		3.3336		2.4495		2.4495		3.1623		
2.6419		1.4142		2.1155		1.4142		2.0000		0.0000		
3.2532		2.8284		2.6419		2.4495		2.1409		1.6074		
1.2307		1.7643		2.4495		2.4495		2.0000		1.4142		
1.4142		3.1623		4.2426		
Graph 37 ==================================
0.0000		1.6180		0.0000		1.6180		1.7321		0.7265		
0.0000		1.6180		1.7321		1.7058		1.7321		1.0283		
0.7265		0.6616		0.9539		1.5613		2.9849		0.0000		
1.6180		1.7321		1.7058		2.2485		1.7321		1.0283		
0.9539		0.7265		0.7507		0.6616		1.6074		0.9539		
1.1544		1.5613		1.2523		2.1409		2.2485		3.2532		
0.0000		0.9539		1.1544		2.2485		1.4142		2.0000		
3.0337		2.1363		2.9849		3.3250		4.1299		3.0093		
4.1299		5.2467		6.4807		
Graph 38 ==================================
0.0000		1.0000		0.0000		1.0000		2.0000		0.0000		
0.0000		1.0000		2.0000		2.4495		1.4142		1.7809		
0.0000		1.4142		1.4142		1.4142		2.4495		0.0000		
1.0000		2.0000		2.4495		3.0000		1.4142		1.7809		
1.4142		0.0000		1.6863		1.4142		2.2361		1.4142		
1.5135		1.4142		1.5688		2.2361		2.0000		2.8284		
0.9539		0.0000		1.2107		2.2361		1.0705		1.7737		
2.6458		1.9153		2.4495		3.0000		3.4641		2.4495		
3.0000		4.1231		4.1231		
Graph 39 ==================================
0.0000		2.1701		0.0000		2.1701		2.3171		1.1701		
0.0000		2.1701		2.3171		2.3975		2.3894		2.1326		
1.1701		1.3221		1.0610		1.0610		1.9701		0.0000		
2.1701		2.3171		2.3975		2.5767		2.3894		2.1326		
2.0219		1.1701		1.4811		1.3221		1.6246		1.0610		
0.6222		1.0610		1.1379		1.4202		1.7261		2.6419		
1.1544		1.2107		0.0000		1.1810		1.5150		1.1544		
2.0741		1.1560		1.9701		2.1846		3.1201		2.0874		
3.3645		4.2515		5.6569		
Graph 40 ==================================
0.0000		3.0000		0.0000		3.0000		2.8284		2.0000		
0.0000		3.0000		2.8284		3.0000		3.1623		3.0567		
2.0000		2.2361		1.7321		1.7321		1.7321		0.0000		
3.0000		2.8284		3.0000		2.8284		3.1623		3.0567		
3.0000		2.0000		2.3227		2.2361		2.0000		1.7321		
1.1810		1.7321		1.8915		1.4142		1.4142		2.4495		
2.2485		2.2361		1.1810		0.0000		2.2485		1.0275		
1.5307		1.1810		1.7321		1.4142		2.4495		1.4142		
2.8284		3.4641		4.8990		
Graph 41 ==================================
0.0000		1.6180		0.0000		1.6180		2.6900		0.8740		
0.0000		1.6180		2.6900		2.6732		2.2882		1.8148		
0.8740		0.8208		1.7737		0.8208		2.6732		0.0000		
1.6180		2.6900		2.6732		3.0093		2.2882		1.8148		
1.7737		0.8740		1.7040		0.8208		1.6074		1.7737		
1.5150		0.8208		0.9684		1.6074		1.7481		2.1409		
1.4142		1.0705		1.5150		2.2485		0.0000		1.4142		
2.2811		1.7040		2.6732		3.0093		3.3250		2.2485		
3.0093		4.4190		5.4772		
Graph 42 ==================================
0.0000		2.6180		0.0000		2.6180		3.0777		1.7321		
0.0000		2.6180		3.0777		3.0242		3.0777		2.7006		
1.7321		1.6352		1.7737		0.8208		1.7737		0.0000		
2.6180		3.0777		3.0242		3.0093		3.0777		2.7006		
2.6732		1.7321		2.1363		1.6352		1.6074		1.7737		
1.1544		0.8208		1.2523		0.7639		1.0275		1.6074		
2.0000		1.7737		1.1544		1.0275		1.4142		0.0000		
1.0970		0.7507		1.7737		1.7481		2.2485		1.0275		
2.2485		3.3953		4.6904		
Graph 43 ==================================
0.0000		3.0000		0.0000		3.0000		3.9569		2.4495		
0.0000		3.0000		3.9569		4.0813		3.8508		3.7645		
2.4495		2.6458		2.7979		1.4736		1.4736		0.0000		
3.0000		3.9569		4.0813		4.0000		3.8508		3.7645		
3.7187		2.4495		3.2016		2.6458		2.5186		2.7979		
2.1948		1.4736		2.1278		1.2307		1.7809		1.2307		
3.0337		2.6458		2.0741		1.5307		2.2811		1.0970		
0.0000		1.0530		1.4736		1.2307		1.2307		0.5858		
1.5307		2.5186		4.0000		
Graph 44 ==================================
0.0000		2.4812		0.0000		2.4812		3.3457		1.7872		
0.0000		2.4812		3.3457		3.4762		3.1869		3.0922		
1.7872		2.0209		2.1694		0.8403		1.3966		0.0000		
2.4812		3.3457		3.4762		3.4857		3.1869		3.0922		
3.0077		1.7872		2.4286		2.0209		2.0373		2.1694		
1.4811		0.8403		1.3796		0.8790		1.7643		1.7643		
2.1363		1.9153		1.1560		1.1810		1.7040		0.7507		
1.0530		0.0000		1.3966		1.4202		2.0874		1.3172		
2.4648		3.3645		4.8990		
Graph 45 ==================================
0.0000		2.0000		0.0000		2.0000		3.1623		1.4142		
0.0000		2.0000		3.1623		4.2426		2.8284		4.0000		
1.4142		3.1623		2.8284		2.0000		0.0000		0.0000		
2.0000		3.1623		4.2426		4.3589		2.8284		4.0000		
3.7417		1.4142		3.4469		3.1623		3.3166		2.8284		
2.4394		2.0000		2.6630		2.2361		2.4495		2.4495		
2.9849		2.4495		1.9701		1.7321		2.6732		1.7737		
1.4736		1.3966		0.0000		1.0000		1.4142		1.4142		
1.7321		1.7321		1.7321		
Graph 46 ==================================
0.0000		3.0000		0.0000		3.0000		3.6056		2.2361		
0.0000		3.0000		3.6056		4.3589		3.6056		4.2628		
2.2361		3.3166		3.0000		2.2361		1.0000		0.0000		
3.0000		3.6056		4.3589		4.2426		3.6056		4.2628		
4.1231		2.2361		3.5739		3.3166		3.1623		3.0000		
2.4530		2.2361		2.7528		2.0000		2.4495		2.4495		
3.3250		3.0000		2.1846		1.4142		3.0093		1.7481		
1.2307		1.4202		1.0000		0.0000		1.4142		1.4142		
2.4495		2.4495		4.2426		
Graph 47 ==================================
0.0000		3.0000		0.0000		3.0000		4.4721		2.8284		
0.0000		3.0000		4.4721		5.0990		4.2426		4.8137		
2.8284		3.7417		3.7417		2.4495		1.4142		0.0000		
3.0000		4.4721		5.0990		5.0990		4.2426		4.8137		
4.6904		2.8284		4.3718		3.7417		3.7417		3.7417		
3.3135		2.4495		3.3087		2.4495		2.8284		2.0000		
4.1299		3.4641		3.1201		2.4495		3.3250		2.2485		
1.2307		2.0874		1.4142		1.4142		0.0000		1.4142		
1.4142		1.4142		3.1623		
Graph 48 ==================================
0.0000		3.0000		0.0000		3.0000		3.6056		2.2361		
0.0000		3.0000		3.6056		3.7417		3.6056		3.5133		
2.2361		2.4495		2.4495		1.4142		1.4142		0.0000		
3.0000		3.6056		3.7417		3.7417		3.6056		3.5133		
3.4641		2.2361		3.1201		2.4495		2.4495		2.4495		
2.0874		1.4142		2.2242		1.4142		1.4142		1.4142		
3.0093		2.4495		2.0874		1.4142		2.2485		1.0275		
0.5858		1.3172		1.4142		1.4142		1.4142		0.0000		
1.4142		2.4495		3.7417		
Graph 49 ==================================
0.0000		3.0000		0.0000		3.0000		4.4721		2.8284		
0.0000		3.0000		4.4721		4.5826		4.2426		4.1645		
2.8284		3.0000		3.3166		1.7321		1.7321		0.0000		
3.0000		4.4721		4.5826		4.8990		4.2426		4.1645		
4.1231		2.8284		4.2515		3.0000		3.4641		3.3166		
3.3645		1.7321		3.2120		2.4495		2.4495		1.4142		
4.1299		3.0000		3.3645		2.8284		3.0093		2.2485		
1.5307		2.4648		1.7321		2.4495		1.4142		1.4142		
0.0000		2.0000		2.8284		
Graph 50 ==================================
0.0000		3.0000		0.0000		3.0000		4.4721		2.8284		
0.0000		3.0000		4.4721		5.7446		4.2426		5.5678		
2.8284		4.5826		4.3589		3.3166		1.7321		0.0000		
3.0000		4.4721		5.7446		6.0000		4.2426		5.5678		
5.3852		2.8284		5.4841		4.5826		4.8990		4.3589		
4.3954		3.3166		4.5595		3.7417		3.7417		3.1623		
5.2467		4.1231		4.2515		3.4641		4.4190		3.3953		
2.5186		3.3645		1.7321		2.4495		1.4142		2.4495		
2.0000		0.0000		2.0000		
Graph 51 ==================================
0.0000		3.0000		0.0000		3.0000		4.4721		2.8284		
0.0000		3.0000		4.4721		5.7446		4.2426		5.5678		
2.8284		4.5826		4.3589		3.3166		1.7321		0.0000		
3.0000		4.4721		5.7446		6.9282		4.2426		5.5678		
5.3852		2.8284		6.6332		4.5826		6.0000		4.3589		
5.6569		3.3166		5.8310		5.0990		4.6904		4.2426		
6.4807		4.1231		5.6569		4.8990		5.4772		4.6904		
4.0000		4.8990		1.7321		4.2426		3.1623		3.7417		
2.8284		2.0000		0.0000		
