0/51
eigenvalues = 0	0	
1/51
eigenvalues = 2	0	
2/51
eigenvalues = 0	0	0	
3/51
eigenvalues = 2	0	0	
4/51
eigenvalues = 2	1	0	
5/51
eigenvalues = 1.5	1.5	0	
6/51
eigenvalues = 0	0	0	0	
7/51
eigenvalues = 2	0	0	0	
8/51
eigenvalues = 2	1	0	0	
9/51
eigenvalues = 2	1	1	0	
10/51
eigenvalues = 2	2	0	0	
11/51
eigenvalues = 2	1.5	0.5	0	
12/51
eigenvalues = 1.5	1.5	0	0	
13/51
eigenvalues = 1.72871	1.5	0.771286	0	
14/51
eigenvalues = 2	1	1	0	
15/51
eigenvalues = 1.66667	1.33333	1	0	
16/51
eigenvalues = 1.33333	1.33333	1.33333	0	
17/51
eigenvalues = 0	0	0	0	0	
18/51
eigenvalues = 2	0	0	0	0	
19/51
eigenvalues = 2	1	0	0	0	
20/51
eigenvalues = 2	1	1	0	0	
21/51
eigenvalues = 2	1	1	1	0	
22/51
eigenvalues = 2	2	0	0	0	
23/51
eigenvalues = 2	1.5	0.5	0	0	
24/51
eigenvalues = 2	2	1	0	0	
25/51
eigenvalues = 1.5	1.5	0	0	0	
26/51
eigenvalues = 2	1.57735	1	0.42265	0	
27/51
eigenvalues = 1.72871	1.5	0.771286	0	0	
28/51
eigenvalues = 1.80902	1.5	1	0.690983	0	
29/51
eigenvalues = 2	1	1	0	0	
30/51
eigenvalues = 2	1.40825	1	0.591752	0	
31/51
eigenvalues = 1.66667	1.33333	1	0	0	
32/51
eigenvalues = 1.76759	1.66667	1	0.565741	0	
33/51
eigenvalues = 1.72871	1.5	1	0.771286	0	
34/51
eigenvalues = 2	1	1	1	0	
35/51
eigenvalues = 1.75	1.25	1	1	0	
36/51
eigenvalues = 2	1.70711	1	0.292893	0	
37/51
eigenvalues = 2	1.5	1.5	0	0	
38/51
eigenvalues = 1.85657	1.5	1.29749	0.345943	0	
39/51
eigenvalues = 1.5	1.5	1.5	0.5	0	
40/51
eigenvalues = 1.80902	1.80902	0.690983	0.690983	0	
41/51
eigenvalues = 1.83333	1.5	1	0.666667	0	
42/51
eigenvalues = 1.60763	1.5	1.16667	0.725708	0	
43/51
eigenvalues = 1.76759	1.33333	1.33333	0.565741	0	
44/51
eigenvalues = 1.33333	1.33333	1.33333	0	0	
45/51
eigenvalues = 1.60763	1.33333	1.33333	0.725708	0	
46/51
eigenvalues = 1.56433	1.33333	1.25	0.852333	0	
47/51
eigenvalues = 1.80474	1.33333	1	0.861929	0	
48/51
eigenvalues = 1.66667	1.33333	1	1	0	
49/51
eigenvalues = 1.5	1.25	1.25	1	0	
50/51
eigenvalues = 1.25	1.25	1.25	1.25	0	
0	0	0	0	0	0	0	0	0	0	0	0	0	0	0	0	0	0	0	0	0	0	0	0	0	0	0	0	0	0	0	0	0	0	0	0	0	0	0	0	0	0	0	0	0	0	0	0	0	0	0
0	0	0	0	0	0.5	0	0	0	6.661e-16	0	4.441e-16	0.5	0.2713	4.441e-16	0.3333	0.6667	0	0	0	6.661e-16	8.882e-16	0	4.441e-16	0	0.5	1.554e-15	0.2713	0.191	4.441e-16	8.882e-16	0.3333	0.2324	0.2713	8.882e-16	0.25	1.11e-15	4.441e-16	0.1434	0.5	0.191	0.1667	0.3924	0.2324	0.6667	0.3924	0.4357	0.1953	0.3333	0.5	0.75
0	0	0	0	0	0	0	0	0	0	0	0	0	0	0	0	0	0	0	0	0	0	0	0	0	0	0	0	0	0	0	0	0	0	0	0	0	0	0	0	0	0	0	0	0	0	0	0	0	0	0
0	0	0	0	0	0.5	0	0	0	6.661e-16	0	4.441e-16	0.5	0.2713	4.441e-16	0.3333	0.6667	0	0	0	6.661e-16	8.882e-16	0	4.441e-16	0	0.5	1.554e-15	0.2713	0.191	4.441e-16	8.882e-16	0.3333	0.2324	0.2713	8.882e-16	0.25	1.11e-15	4.441e-16	0.1434	0.5	0.191	0.1667	0.3924	0.2324	0.6667	0.3924	0.4357	0.1953	0.3333	0.5	0.75
0	0	0	0	0	0.7071	0	0	0	6.661e-16	1	0.5	0.7071	0.5689	4.441e-16	0.4714	0.7454	0	0	0	6.661e-16	8.882e-16	1	0.5	1	0.7071	0.5774	0.5689	0.5352	4.441e-16	0.4082	0.4714	0.706	0.5689	8.882e-16	0.3536	0.7071	0.5	0.5202	0.7071	0.8313	0.527	0.6356	0.4064	0.7454	0.5148	0.5486	0.3863	0.4714	0.559	0.7906
0	0.5	0	0.5	0.7071	0	0	0.5	0.7071	0.7071	0.7071	0.5	0	0.2287	0.7071	0.2357	0.2357	0	0.5	0.7071	0.7071	0.7071	0.7071	0.5	0.7071	4.441e-16	0.5059	0.2287	0.309	0.7071	0.5083	0.2357	0.3153	0.2287	0.7071	0.3536	0.5412	0.5	0.3566	2.22e-16	0.437	0.3333	0.1076	0.3153	0.2357	0.1984	0.1787	0.3473	0.2357	0.25	0.3536
0	0	0	0	0	0	0	0	0	0	0	0	0	0	0	0	0	0	0	0	0	0	0	0	0	0	0	0	0	0	0	0	0	0	0	0	0	0	0	0	0	0	0	0	0	0	0	0	0	0	0
0	0	0	0	0	0.5	0	0	0	6.661e-16	0	4.441e-16	0.5	0.2713	4.441e-16	0.3333	0.6667	0	0	0	6.661e-16	8.882e-16	0	4.441e-16	0	0.5	1.554e-15	0.2713	0.191	4.441e-16	8.882e-16	0.3333	0.2324	0.2713	8.882e-16	0.25	1.11e-15	4.441e-16	0.1434	0.5	0.191	0.1667	0.3924	0.2324	0.6667	0.3924	0.4357	0.1953	0.3333	0.5	0.75
0	0	0	0	0	0.7071	0	0	0	6.661e-16	1	0.5	0.7071	0.5689	4.441e-16	0.4714	0.7454	0	0	0	6.661e-16	8.882e-16	1	0.5	1	0.7071	0.5774	0.5689	0.5352	4.441e-16	0.4082	0.4714	0.706	0.5689	8.882e-16	0.3536	0.7071	0.5	0.5202	0.7071	0.8313	0.527	0.6356	0.4064	0.7454	0.5148	0.5486	0.3863	0.4714	0.559	0.7906
0	6.661e-16	0	6.661e-16	6.661e-16	0.7071	0	6.661e-16	6.661e-16	0	1	0.7071	0.7071	0.6131	2.483e-16	0.4714	0.8165	0	6.661e-16	6.661e-16	0	3.14e-16	1	0.7071	1	0.7071	0.5774	0.6131	0.5352	2.483e-16	0.4082	0.4714	0.706	0.5689	3.14e-16	0.3536	0.7071	0.7071	0.5992	0.866	0.8868	0.527	0.6571	0.5256	0.8165	0.6133	0.6028	0.3863	0.4714	0.6124	0.8292
0	0	0	0	1	0.7071	0	0	1	1	0	0.5	0.7071	0.5689	1	0.7454	0.9428	0	0	1	1	1	0	0.5	0	0.7071	0.4226	0.5689	0.5352	1	0.5918	0.7454	0.4064	0.5689	1	0.7906	0.2929	0.5	0.5202	0.7071	0.2701	0.527	0.6356	0.706	0.9428	0.7736	0.7964	0.6947	0.7454	0.9014	1.061
0	4.441e-16	0	4.441e-16	0.5	0.5	0	4.441e-16	0.5	0.7071	0.5	0	0.5	0.3837	0.7071	0.6236	1.08	0	4.441e-16	0.5	0.7071	0.7071	0.5	1.11e-16	0.7071	0.5	0.5059	0.3837	0.5352	0.7071	0.5083	0.6236	0.576	0.5689	0.7071	0.6124	0.5412	1	0.8103	1.118	0.4104	0.527	0.7736	0.881	1.08	0.936	0.8832	0.5621	0.6236	0.9354	1.09
0	0.5	0	0.5	0.7071	0	0	0.5	0.7071	0.7071	0.7071	0.5	0	0.2287	0.7071	0.2357	0.2357	0	0.5	0.7071	0.7071	0.7071	0.7071	0.5	0.7071	4.441e-16	0.5059	0.2287	0.309	0.7071	0.5083	0.2357	0.3153	0.2287	0.7071	0.3536	0.5412	0.5	0.3566	2.22e-16	0.437	0.3333	0.1076	0.3153	0.2357	0.1984	0.1787	0.3473	0.2357	0.25	0.3536
0	0.2713	0	0.2713	0.5689	0.2287	0	0.2713	0.5689	0.6131	0.5689	0.3837	0.2287	0	0.6131	0.2897	0.7071	0	0.2713	0.5689	0.6131	0.6131	0.5689	0.3837	0.6131	0.2287	0.3632	6.378e-16	0.2424	0.6131	0.3665	0.2897	0.2857	0.2287	0.6131	0.3395	0.4109	0.7776	0.5415	0.7638	0.3292	0.2515	0.4135	0.5875	0.7071	0.5986	0.5329	0.293	0.2897	0.5865	0.7217
0	4.441e-16	0	4.441e-16	4.441e-16	0.7071	0	4.441e-16	4.441e-16	2.483e-16	1	0.7071	0.7071	0.6131	0	0.4714	0.8165	0	4.441e-16	4.441e-16	2.483e-16	5.551e-16	1	0.7071	1	0.7071	0.5774	0.6131	0.5352	2.22e-16	0.4082	0.4714	0.706	0.5689	5.551e-16	0.3536	0.7071	0.7071	0.5992	0.866	0.8868	0.527	0.6571	0.5256	0.8165	0.6133	0.6028	0.3863	0.4714	0.6124	0.8292
0	0.3333	0	0.3333	0.4714	0.2357	0	0.3333	0.4714	0.4714	0.7454	0.6236	0.2357	0.2897	0.4714	0	0.4714	0	0.3333	0.4714	0.4714	0.4714	0.7454	0.6236	0.7454	0.2357	0.4131	0.2897	0.2192	0.4714	0.3416	2.483e-16	0.3483	0.1778	0.4714	0.1179	0.5008	0.6236	0.3903	0.5528	0.5848	0.2357	0.243	0.3483	0.4714	0.3385	0.2701	0.1381	7.692e-16	0.3118	0.493
0	0.6667	0	0.6667	0.7454	0.2357	0	0.6667	0.7454	0.8165	0.9428	1.08	0.2357	0.7071	0.8165	0.4714	0	0	0.6667	0.7454	0.8165	0.8165	0.9428	1.08	1	0.2357	0.7843	0.7071	0.6043	0.8165	0.7491	0.4714	0.6409	0.5433	0.8165	0.5401	0.8338	0.7071	0.5503	0.2887	0.9301	0.6236	0.3617	0.4343	6.661e-16	0.2743	0.2456	0.5774	0.4714	0.2041	0.1443
0	0	0	0	0	0	0	0	0	0	0	0	0	0	0	0	0	0	0	0	0	0	0	0	0	0	0	0	0	0	0	0	0	0	0	0	0	0	0	0	0	0	0	0	0	0	0	0	0	0	0
0	0	0	0	0	0.5	0	0	0	6.661e-16	0	4.441e-16	0.5	0.2713	4.441e-16	0.3333	0.6667	0	0	0	6.661e-16	8.882e-16	0	4.441e-16	0	0.5	1.554e-15	0.2713	0.191	4.441e-16	8.882e-16	0.3333	0.2324	0.2713	8.882e-16	0.25	1.11e-15	4.441e-16	0.1434	0.5	0.191	0.1667	0.3924	0.2324	0.6667	0.3924	0.4357	0.1953	0.3333	0.5	0.75
0	0	0	0	0	0.7071	0	0	0	6.661e-16	1	0.5	0.7071	0.5689	4.441e-16	0.4714	0.7454	0	0	0	6.661e-16	8.882e-16	1	0.5	1	0.7071	0.5774	0.5689	0.5352	4.441e-16	0.4082	0.4714	0.706	0.5689	8.882e-16	0.3536	0.7071	0.5	0.5202	0.7071	0.8313	0.527	0.6356	0.4064	0.7454	0.5148	0.5486	0.3863	0.4714	0.559	0.7906
0	6.661e-16	0	6.661e-16	6.661e-16	0.7071	0	6.661e-16	6.661e-16	0	1	0.7071	0.7071	0.6131	2.483e-16	0.4714	0.8165	0	6.661e-16	6.661e-16	0	3.14e-16	1	0.7071	1	0.7071	0.5774	0.6131	0.5352	2.483e-16	0.4082	0.4714	0.706	0.5689	3.14e-16	0.3536	0.7071	0.7071	0.5992	0.866	0.8868	0.527	0.6571	0.5256	0.8165	0.6133	0.6028	0.3863	0.4714	0.6124	0.8292
0	8.882e-16	0	8.882e-16	8.882e-16	0.7071	0	8.882e-16	8.882e-16	3.14e-16	1	0.7071	0.7071	0.6131	5.551e-16	0.4714	0.8165	0	8.882e-16	8.882e-16	3.14e-16	0	1	0.7071	1	0.7071	0.8165	0.6131	0.618	4.578e-16	0.5774	0.4714	0.8289	0.6131	0	0.3536	1	0.7071	0.8871	1	0.9391	0.6236	0.712	0.6818	0.8165	0.6719	0.6207	0.4102	0.4714	0.6124	0.866
0	0	0	0	1	0.7071	0	0	1	1	0	0.5	0.7071	0.5689	1	0.7454	0.9428	0	0	1	1	1	0	0.5	0	0.7071	0.4226	0.5689	0.5352	1	0.5918	0.7454	0.4064	0.5689	1	0.7906	0.2929	0.5	0.5202	0.7071	0.2701	0.527	0.6356	0.706	0.9428	0.7736	0.7964	0.6947	0.7454	0.9014	1.061
0	4.441e-16	0	4.441e-16	0.5	0.5	0	4.441e-16	0.5	0.7071	0.5	1.11e-16	0.5	0.3837	0.7071	0.6236	1.08	0	4.441e-16	0.5	0.7071	0.7071	0.5	0	0.7071	0.5	0.5059	0.3837	0.5352	0.7071	0.5083	0.6236	0.576	0.5689	0.7071	0.6124	0.5412	1	0.8103	1.118	0.4104	0.527	0.7736	0.881	1.08	0.936	0.8832	0.5621	0.6236	0.9354	1.09
0	0	0	0	1	0.7071	0	0	1	1	0	0.7071	0.7071	0.6131	1	0.7454	1	0	0	1	1	1	0	0.7071	0	0.7071	0.4226	0.6131	0.5352	1	0.5918	0.7454	0.4064	0.5689	1	0.7906	0.2929	0.7071	0.5992	0.866	0.4104	0.527	0.6571	0.7807	1	0.8423	0.8347	0.6947	0.7454	0.9354	1.09
0	0.5	0	0.5	0.7071	4.441e-16	0	0.5	0.7071	0.7071	0.7071	0.5	4.441e-16	0.2287	0.7071	0.2357	0.2357	0	0.5	0.7071	0.7071	0.7071	0.7071	0.5	0.7071	0	0.5059	0.2287	0.309	0.7071	0.5083	0.2357	0.3153	0.2287	0.7071	0.3536	0.5412	0.5	0.3566	4.965e-16	0.437	0.3333	0.1076	0.3153	0.2357	0.1984	0.1787	0.3473	0.2357	0.25	0.3536
0	1.554e-15	0	1.554e-15	0.5774	0.5059	0	1.554e-15	0.5774	0.5774	0.4226	0.5059	0.5059	0.3632	0.5774	0.4131	0.7843	0	1.554e-15	0.5774	0.5774	0.8165	0.4226	0.5059	0.4226	0.5059	0	0.3632	0.3383	0.5774	0.2391	0.4131	0.2872	0.4485	0.8165	0.7092	0.1835	0.5059	0.3478	0.7155	0.5076	0.3055	0.5287	0.4951	0.7843	0.6453	0.7046	0.5391	0.7099	0.8678	1.19
0	0.2713	0	0.2713	0.5689	0.2287	0	0.2713	0.5689	0.6131	0.5689	0.3837	0.2287	6.378e-16	0.6131	0.2897	0.7071	0	0.2713	0.5689	0.6131	0.6131	0.5689	0.3837	0.6131	0.2287	0.3632	0	0.2424	0.6131	0.3665	0.2897	0.2857	0.2287	0.6131	0.3395	0.4109	0.7776	0.5415	0.7638	0.3292	0.2515	0.4135	0.5875	0.7071	0.5986	0.5329	0.293	0.2897	0.5865	0.7217
0	0.191	0	0.191	0.5352	0.309	0	0.191	0.5352	0.5352	0.5352	0.5352	0.309	0.2424	0.5352	0.2192	0.6043	0	0.191	0.5352	0.5352	0.618	0.5352	0.5352	0.5352	0.309	0.3383	0.2424	0	0.5352	0.234	0.2192	0.2126	0.1136	0.618	0.4018	0.4877	0.5352	0.4581	0.618	0.437	0.03439	0.2637	0.3953	0.6043	0.425	0.4197	0.2388	0.3789	0.5621	0.866
0	4.441e-16	0	4.441e-16	4.441e-16	0.7071	0	4.441e-16	4.441e-16	2.483e-16	1	0.7071	0.7071	0.6131	2.22e-16	0.4714	0.8165	0	4.441e-16	4.441e-16	2.483e-16	4.578e-16	1	0.7071	1	0.7071	0.5774	0.6131	0.5352	0	0.4082	0.4714	0.706	0.5689	4.578e-16	0.3536	0.7071	0.7071	0.5992	0.866	0.8868	0.527	0.6571	0.5256	0.8165	0.6133	0.6028	0.3863	0.4714	0.6124	0.8292
0	8.882e-16	0	8.882e-16	0.4082	0.5083	0	8.882e-16	0.4082	0.4082	0.5918	0.5083	0.5083	0.3665	0.4082	0.3416	0.7491	0	8.882e-16	0.4082	0.4082	0.5774	0.5918	0.5083	0.5918	0.5083	0.2391	0.3665	0.234	0.4082	0	0.3416	0.3485	0.338	0.5774	0.5042	0.4226	0.5083	0.4218	0.7189	0.5499	0.2045	0.4562	0.414	0.7491	0.5372	0.5708	0.3417	0.5323	0.7101	1.041
0	0.3333	0	0.3333	0.4714	0.2357	0	0.3333	0.4714	0.4714	0.7454	0.6236	0.2357	0.2897	0.4714	2.483e-16	0.4714	0	0.3333	0.4714	0.4714	0.4714	0.7454	0.6236	0.7454	0.2357	0.4131	0.2897	0.2192	0.4714	0.3416	0	0.3483	0.1778	0.4714	0.1179	0.5008	0.6236	0.3903	0.5528	0.5848	0.2357	0.243	0.3483	0.4714	0.3385	0.2701	0.1381	5.979e-16	0.3118	0.493
0	0.2324	0	0.2324	0.706	0.3153	0	0.2324	0.706	0.706	0.4064	0.576	0.3153	0.2857	0.706	0.3483	0.6409	0	0.2324	0.706	0.706	0.8289	0.4064	0.576	0.4064	0.3153	0.2872	0.2857	0.2126	0.706	0.3485	0.3483	0	0.2675	0.8289	0.6021	0.3607	0.576	0.4153	0.5947	0.3649	0.2056	0.3267	0.4714	0.6409	0.5229	0.545	0.4475	0.5567	0.7045	0.986
0	0.2713	0	0.2713	0.5689	0.2287	0	0.2713	0.5689	0.5689	0.5689	0.5689	0.2287	0.2287	0.5689	0.1778	0.5433	0	0.2713	0.5689	0.5689	0.6131	0.5689	0.5689	0.5689	0.2287	0.4485	0.2287	0.1136	0.5689	0.338	0.1778	0.2675	0	0.6131	0.3395	0.5877	0.5689	0.5346	0.6131	0.4515	0.148	0.211	0.4274	0.5433	0.3945	0.3519	0.2044	0.2897	0.4792	0.7638
0	8.882e-16	0	8.882e-16	8.882e-16	0.7071	0	8.882e-16	8.882e-16	3.14e-16	1	0.7071	0.7071	0.6131	5.551e-16	0.4714	0.8165	0	8.882e-16	8.882e-16	3.14e-16	0	1	0.7071	1	0.7071	0.8165	0.6131	0.618	4.578e-16	0.5774	0.4714	0.8289	0.6131	0	0.3536	1	0.7071	0.8871	1	0.9391	0.6236	0.712	0.6818	0.8165	0.6719	0.6207	0.4102	0.4714	0.6124	0.866
0	0.25	0	0.25	0.3536	0.3536	0	0.25	0.3536	0.3536	0.7906	0.6124	0.3536	0.3395	0.3536	0.1179	0.5401	0	0.25	0.3536	0.3536	0.3536	0.7906	0.6124	0.7906	0.3536	0.7092	0.3395	0.4018	0.3536	0.5042	0.1179	0.6021	0.3395	0.3536	0	0.8783	0.6124	0.7682	0.7906	0.712	0.4249	0.431	0.554	0.5401	0.4621	0.3546	0.1703	0.1179	0.3536	0.6124
0	1.11e-15	0	1.11e-15	0.7071	0.5412	0	1.11e-15	0.7071	0.7071	0.2929	0.5412	0.5412	0.4109	0.7071	0.5008	0.8338	0	1.11e-15	0.7071	0.7071	1	0.2929	0.5412	0.2929	0.5412	0.1835	0.4109	0.4877	0.7071	0.4226	0.5008	0.3607	0.5877	1	0.8783	0	0.5412	0.3934	0.7654	0.5485	0.4587	0.6418	0.6159	0.8338	0.7695	0.8396	0.7083	0.8665	1.011	1.323
0	4.441e-16	0	4.441e-16	0.5	0.5	0	4.441e-16	0.5	0.7071	0.5	1	0.5	0.7776	0.7071	0.6236	0.7071	0	4.441e-16	0.5	0.7071	0.7071	0.5	1	0.7071	0.5	0.5059	0.7776	0.5352	0.7071	0.5083	0.6236	0.576	0.5689	0.7071	0.6124	0.5412	0	0.2482	0.5	0.8868	0.527	0.5148	0.331	0.7071	0.4577	0.5292	0.5621	0.6236	0.6124	0.8292
0	0.1434	0	0.1434	0.5202	0.3566	0	0.1434	0.5202	0.5992	0.5202	0.8103	0.3566	0.5415	0.5992	0.3903	0.5503	0	0.1434	0.5202	0.5992	0.8871	0.5202	0.8103	0.5992	0.3566	0.3478	0.5415	0.4581	0.5992	0.4218	0.3903	0.4153	0.5346	0.8871	0.7682	0.3934	0.2482	0	0.438	0.7646	0.4381	0.4726	0.292	0.5503	0.485	0.6098	0.6206	0.7617	0.7872	1.118
0	0.5	0	0.5	0.7071	2.22e-16	0	0.5	0.7071	0.866	0.7071	1.118	2.22e-16	0.7638	0.866	0.5528	0.2887	0	0.5	0.7071	0.866	1	0.7071	1.118	0.866	4.965e-16	0.7155	0.7638	0.618	0.866	0.7189	0.5528	0.5947	0.6131	1	0.7906	0.7654	0.5	0.438	0	0.9391	0.6236	0.4167	0.3626	0.2887	0.3436	0.4675	0.7083	0.7454	0.6124	0.866
0	0.191	0	0.191	0.8313	0.437	0	0.191	0.8313	0.8868	0.2701	0.4104	0.437	0.3292	0.8868	0.5848	0.9301	0	0.191	0.8313	0.8868	0.9391	0.2701	0.4104	0.4104	0.437	0.5076	0.3292	0.437	0.8868	0.5499	0.5848	0.3649	0.4515	0.9391	0.712	0.5485	0.8868	0.7646	0.9391	0	0.4384	0.6029	0.8101	0.9301	0.825	0.7904	0.5925	0.6615	0.9033	1.118
0	0.1667	0	0.1667	0.527	0.3333	0	0.1667	0.527	0.527	0.527	0.527	0.3333	0.2515	0.527	0.2357	0.6236	0	0.1667	0.527	0.527	0.6236	0.527	0.527	0.527	0.3333	0.3055	0.2515	0.03439	0.527	0.2045	0.2357	0.2056	0.148	0.6236	0.4249	0.4587	0.527	0.4381	0.6236	0.4384	0	0.2867	0.3917	0.6236	0.4397	0.444	0.2583	0.4082	0.5893	0.8975
0	0.3924	0	0.3924	0.6356	0.1076	0	0.3924	0.6356	0.6571	0.6356	0.7736	0.1076	0.4135	0.6571	0.243	0.3617	0	0.3924	0.6356	0.6571	0.712	0.6356	0.7736	0.6571	0.1076	0.5287	0.4135	0.2637	0.6571	0.4562	0.243	0.3267	0.211	0.712	0.431	0.6418	0.5148	0.4726	0.4167	0.6029	0.2867	0	0.3267	0.3617	0.2357	0.2294	0.3361	0.3664	0.3953	0.6872
0	0.2324	0	0.2324	0.4064	0.3153	0	0.2324	0.4064	0.5256	0.706	0.881	0.3153	0.5875	0.5256	0.3483	0.4343	0	0.2324	0.4064	0.5256	0.6818	0.706	0.881	0.7807	0.3153	0.4951	0.5875	0.3953	0.5256	0.414	0.3483	0.4714	0.4274	0.6818	0.554	0.6159	0.331	0.292	0.3626	0.8101	0.3917	0.3267	0	0.4343	0.2262	0.3611	0.4475	0.5567	0.5235	0.866
0	0.6667	0	0.6667	0.7454	0.2357	0	0.6667	0.7454	0.8165	0.9428	1.08	0.2357	0.7071	0.8165	0.4714	6.661e-16	0	0.6667	0.7454	0.8165	0.8165	0.9428	1.08	1	0.2357	0.7843	0.7071	0.6043	0.8165	0.7491	0.4714	0.6409	0.5433	0.8165	0.5401	0.8338	0.7071	0.5503	0.2887	0.9301	0.6236	0.3617	0.4343	0	0.2743	0.2456	0.5774	0.4714	0.2041	0.1443
0	0.3924	0	0.3924	0.5148	0.1984	0	0.3924	0.5148	0.6133	0.7736	0.936	0.1984	0.5986	0.6133	0.3385	0.2743	0	0.3924	0.5148	0.6133	0.6719	0.7736	0.936	0.8423	0.1984	0.6453	0.5986	0.425	0.6133	0.5372	0.3385	0.5229	0.3945	0.6719	0.4621	0.7695	0.4577	0.485	0.3436	0.825	0.4397	0.2357	0.2262	0.2743	0	0.1576	0.4105	0.4357	0.3173	0.6455
0	0.4357	0	0.4357	0.5486	0.1787	0	0.4357	0.5486	0.6028	0.7964	0.8832	0.1787	0.5329	0.6028	0.2701	0.2456	0	0.4357	0.5486	0.6028	0.6207	0.7964	0.8832	0.8347	0.1787	0.7046	0.5329	0.4197	0.6028	0.5708	0.2701	0.545	0.3519	0.6207	0.3546	0.8396	0.5292	0.6098	0.4675	0.7904	0.444	0.2294	0.3611	0.2456	0.1576	0	0.347	0.3079	0.1814	0.5137
0	0.1953	0	0.1953	0.3863	0.3473	0	0.1953	0.3863	0.3863	0.6947	0.5621	0.3473	0.293	0.3863	0.1381	0.5774	0	0.1953	0.3863	0.3863	0.4102	0.6947	0.5621	0.6947	0.3473	0.5391	0.293	0.2388	0.3863	0.3417	0.1381	0.4475	0.2044	0.4102	0.1703	0.7083	0.5621	0.6206	0.7083	0.5925	0.2583	0.3361	0.4475	0.5774	0.4105	0.347	0	0.1953	0.4259	0.7265
0	0.3333	0	0.3333	0.4714	0.2357	0	0.3333	0.4714	0.4714	0.7454	0.6236	0.2357	0.2897	0.4714	7.692e-16	0.4714	0	0.3333	0.4714	0.4714	0.4714	0.7454	0.6236	0.7454	0.2357	0.7099	0.2897	0.3789	0.4714	0.5323	5.979e-16	0.5567	0.2897	0.4714	0.1179	0.8665	0.6236	0.7617	0.7454	0.6615	0.4082	0.3664	0.5567	0.4714	0.4357	0.3079	0.1953	0	0.3118	0.5528
0	0.5	0	0.5	0.559	0.25	0	0.5	0.559	0.6124	0.9014	0.9354	0.25	0.5865	0.6124	0.3118	0.2041	0	0.5	0.559	0.6124	0.6124	0.9014	0.9354	0.9354	0.25	0.8678	0.5865	0.5621	0.6124	0.7101	0.3118	0.7045	0.4792	0.6124	0.3536	1.011	0.6124	0.7872	0.6124	0.9033	0.5893	0.3953	0.5235	0.2041	0.3173	0.1814	0.4259	0.3118	0	0.3536
0	0.75	0	0.75	0.7906	0.3536	0	0.75	0.7906	0.8292	1.061	1.09	0.3536	0.7217	0.8292	0.493	0.1443	0	0.75	0.7906	0.8292	0.866	1.061	1.09	1.09	0.3536	1.19	0.7217	0.866	0.8292	1.041	0.493	0.986	0.7638	0.866	0.6124	1.323	0.8292	1.118	0.866	1.118	0.8975	0.6872	0.866	0.1443	0.6455	0.5137	0.7265	0.5528	0.3536	0
Best fits
0 1 0.000000
0 1 0.000000
0 1 0.000000
0 1 0.000000
0 1 0.000000
Worst fits
36 50 1.322876
26 50 1.190238
38 50 1.118034
40 50 1.118034
11 39 1.118034
Graph 1 ==================================
0.0000		0.0000		0.0000		0.0000		0.0000		0.0000		
0.0000		0.0000		0.0000		0.0000		0.0000		0.0000		
0.0000		0.0000		0.0000		0.0000		0.0000		0.0000		
0.0000		0.0000		0.0000		0.0000		0.0000		0.0000		
0.0000		0.0000		0.0000		0.0000		0.0000		0.0000		
0.0000		0.0000		0.0000		0.0000		0.0000		0.0000		
0.0000		0.0000		0.0000		0.0000		0.0000		0.0000		
0.0000		0.0000		0.0000		0.0000		0.0000		0.0000		
0.0000		0.0000		0.0000		
Graph 2 ==================================
0.0000		0.0000		0.0000		0.0000		0.0000		0.5000		
0.0000		0.0000		0.0000		0.0000		0.0000		0.0000		
0.5000		0.2713		0.0000		0.3333		0.6667		0.0000		
0.0000		0.0000		0.0000		0.0000		0.0000		0.0000		
0.0000		0.5000		0.0000		0.2713		0.1910		0.0000		
0.0000		0.3333		0.2324		0.2713		0.0000		0.2500		
0.0000		0.0000		0.1434		0.5000		0.1910		0.1667		
0.3924		0.2324		0.6667		0.3924		0.4357		0.1953		
0.3333		0.5000		0.7500		
Graph 3 ==================================
0.0000		0.0000		0.0000		0.0000		0.0000		0.0000		
0.0000		0.0000		0.0000		0.0000		0.0000		0.0000		
0.0000		0.0000		0.0000		0.0000		0.0000		0.0000		
0.0000		0.0000		0.0000		0.0000		0.0000		0.0000		
0.0000		0.0000		0.0000		0.0000		0.0000		0.0000		
0.0000		0.0000		0.0000		0.0000		0.0000		0.0000		
0.0000		0.0000		0.0000		0.0000		0.0000		0.0000		
0.0000		0.0000		0.0000		0.0000		0.0000		0.0000		
0.0000		0.0000		0.0000		
Graph 4 ==================================
0.0000		0.0000		0.0000		0.0000		0.0000		0.5000		
0.0000		0.0000		0.0000		0.0000		0.0000		0.0000		
0.5000		0.2713		0.0000		0.3333		0.6667		0.0000		
0.0000		0.0000		0.0000		0.0000		0.0000		0.0000		
0.0000		0.5000		0.0000		0.2713		0.1910		0.0000		
0.0000		0.3333		0.2324		0.2713		0.0000		0.2500		
0.0000		0.0000		0.1434		0.5000		0.1910		0.1667		
0.3924		0.2324		0.6667		0.3924		0.4357		0.1953		
0.3333		0.5000		0.7500		
Graph 5 ==================================
0.0000		0.0000		0.0000		0.0000		0.0000		0.7071		
0.0000		0.0000		0.0000		0.0000		1.0000		0.5000		
0.7071		0.5689		0.0000		0.4714		0.7454		0.0000		
0.0000		0.0000		0.0000		0.0000		1.0000		0.5000		
1.0000		0.7071		0.5774		0.5689		0.5352		0.0000		
0.4082		0.4714		0.7060		0.5689		0.0000		0.3536		
0.7071		0.5000		0.5202		0.7071		0.8313		0.5270		
0.6356		0.4064		0.7454		0.5148		0.5486		0.3863		
0.4714		0.5590		0.7906		
Graph 6 ==================================
0.0000		0.5000		0.0000		0.5000		0.7071		0.0000		
0.0000		0.5000		0.7071		0.7071		0.7071		0.5000		
0.0000		0.2287		0.7071		0.2357		0.2357		0.0000		
0.5000		0.7071		0.7071		0.7071		0.7071		0.5000		
0.7071		0.0000		0.5059		0.2287		0.3090		0.7071		
0.5083		0.2357		0.3153		0.2287		0.7071		0.3536		
0.5412		0.5000		0.3566		0.0000		0.4370		0.3333		
0.1076		0.3153		0.2357		0.1984		0.1787		0.3473		
0.2357		0.2500		0.3536		
Graph 7 ==================================
0.0000		0.0000		0.0000		0.0000		0.0000		0.0000		
0.0000		0.0000		0.0000		0.0000		0.0000		0.0000		
0.0000		0.0000		0.0000		0.0000		0.0000		0.0000		
0.0000		0.0000		0.0000		0.0000		0.0000		0.0000		
0.0000		0.0000		0.0000		0.0000		0.0000		0.0000		
0.0000		0.0000		0.0000		0.0000		0.0000		0.0000		
0.0000		0.0000		0.0000		0.0000		0.0000		0.0000		
0.0000		0.0000		0.0000		0.0000		0.0000		0.0000		
0.0000		0.0000		0.0000		
Graph 8 ==================================
0.0000		0.0000		0.0000		0.0000		0.0000		0.5000		
0.0000		0.0000		0.0000		0.0000		0.0000		0.0000		
0.5000		0.2713		0.0000		0.3333		0.6667		0.0000		
0.0000		0.0000		0.0000		0.0000		0.0000		0.0000		
0.0000		0.5000		0.0000		0.2713		0.1910		0.0000		
0.0000		0.3333		0.2324		0.2713		0.0000		0.2500		
0.0000		0.0000		0.1434		0.5000		0.1910		0.1667		
0.3924		0.2324		0.6667		0.3924		0.4357		0.1953		
0.3333		0.5000		0.7500		
Graph 9 ==================================
0.0000		0.0000		0.0000		0.0000		0.0000		0.7071		
0.0000		0.0000		0.0000		0.0000		1.0000		0.5000		
0.7071		0.5689		0.0000		0.4714		0.7454		0.0000		
0.0000		0.0000		0.0000		0.0000		1.0000		0.5000		
1.0000		0.7071		0.5774		0.5689		0.5352		0.0000		
0.4082		0.4714		0.7060		0.5689		0.0000		0.3536		
0.7071		0.5000		0.5202		0.7071		0.8313		0.5270		
0.6356		0.4064		0.7454		0.5148		0.5486		0.3863		
0.4714		0.5590		0.7906		
Graph 10 ==================================
0.0000		0.0000		0.0000		0.0000		0.0000		0.7071		
0.0000		0.0000		0.0000		0.0000		1.0000		0.7071		
0.7071		0.6131		0.0000		0.4714		0.8165		0.0000		
0.0000		0.0000		0.0000		0.0000		1.0000		0.7071		
1.0000		0.7071		0.5774		0.6131		0.5352		0.0000		
0.4082		0.4714		0.7060		0.5689		0.0000		0.3536		
0.7071		0.7071		0.5992		0.8660		0.8868		0.5270		
0.6571		0.5256		0.8165		0.6133		0.6028		0.3863		
0.4714		0.6124		0.8292		
Graph 11 ==================================
0.0000		0.0000		0.0000		0.0000		1.0000		0.7071		
0.0000		0.0000		1.0000		1.0000		0.0000		0.5000		
0.7071		0.5689		1.0000		0.7454		0.9428		0.0000		
0.0000		1.0000		1.0000		1.0000		0.0000		0.5000		
0.0000		0.7071		0.4226		0.5689		0.5352		1.0000		
0.5918		0.7454		0.4064		0.5689		1.0000		0.7906		
0.2929		0.5000		0.5202		0.7071		0.2701		0.5270		
0.6356		0.7060		0.9428		0.7736		0.7964		0.6947		
0.7454		0.9014		1.0607		
Graph 12 ==================================
0.0000		0.0000		0.0000		0.0000		0.5000		0.5000		
0.0000		0.0000		0.5000		0.7071		0.5000		0.0000		
0.5000		0.3837		0.7071		0.6236		1.0801		0.0000		
0.0000		0.5000		0.7071		0.7071		0.5000		0.0000		
0.7071		0.5000		0.5059		0.3837		0.5352		0.7071		
0.5083		0.6236		0.5760		0.5689		0.7071		0.6124		
0.5412		1.0000		0.8103		1.1180		0.4104		0.5270		
0.7736		0.8810		1.0801		0.9360		0.8832		0.5621		
0.6236		0.9354		1.0897		
Graph 13 ==================================
0.0000		0.5000		0.0000		0.5000		0.7071		0.0000		
0.0000		0.5000		0.7071		0.7071		0.7071		0.5000		
0.0000		0.2287		0.7071		0.2357		0.2357		0.0000		
0.5000		0.7071		0.7071		0.7071		0.7071		0.5000		
0.7071		0.0000		0.5059		0.2287		0.3090		0.7071		
0.5083		0.2357		0.3153		0.2287		0.7071		0.3536		
0.5412		0.5000		0.3566		0.0000		0.4370		0.3333		
0.1076		0.3153		0.2357		0.1984		0.1787		0.3473		
0.2357		0.2500		0.3536		
Graph 14 ==================================
0.0000		0.2713		0.0000		0.2713		0.5689		0.2287		
0.0000		0.2713		0.5689		0.6131		0.5689		0.3837		
0.2287		0.0000		0.6131		0.2897		0.7071		0.0000		
0.2713		0.5689		0.6131		0.6131		0.5689		0.3837		
0.6131		0.2287		0.3632		0.0000		0.2424		0.6131		
0.3665		0.2897		0.2857		0.2287		0.6131		0.3395		
0.4109		0.7776		0.5415		0.7638		0.3292		0.2515		
0.4135		0.5875		0.7071		0.5986		0.5329		0.2930		
0.2897		0.5865		0.7217		
Graph 15 ==================================
0.0000		0.0000		0.0000		0.0000		0.0000		0.7071		
0.0000		0.0000		0.0000		0.0000		1.0000		0.7071		
0.7071		0.6131		0.0000		0.4714		0.8165		0.0000		
0.0000		0.0000		0.0000		0.0000		1.0000		0.7071		
1.0000		0.7071		0.5774		0.6131		0.5352		0.0000		
0.4082		0.4714		0.7060		0.5689		0.0000		0.3536		
0.7071		0.7071		0.5992		0.8660		0.8868		0.5270		
0.6571		0.5256		0.8165		0.6133		0.6028		0.3863		
0.4714		0.6124		0.8292		
Graph 16 ==================================
0.0000		0.3333		0.0000		0.3333		0.4714		0.2357		
0.0000		0.3333		0.4714		0.4714		0.7454		0.6236		
0.2357		0.2897		0.4714		0.0000		0.4714		0.0000		
0.3333		0.4714		0.4714		0.4714		0.7454		0.6236		
0.7454		0.2357		0.4131		0.2897		0.2192		0.4714		
0.3416		0.0000		0.3483		0.1778		0.4714		0.1179		
0.5008		0.6236		0.3903		0.5528		0.5848		0.2357		
0.2430		0.3483		0.4714		0.3385		0.2701		0.1381		
0.0000		0.3118		0.4930		
Graph 17 ==================================
0.0000		0.6667		0.0000		0.6667		0.7454		0.2357		
0.0000		0.6667		0.7454		0.8165		0.9428		1.0801		
0.2357		0.7071		0.8165		0.4714		0.0000		0.0000		
0.6667		0.7454		0.8165		0.8165		0.9428		1.0801		
1.0000		0.2357		0.7843		0.7071		0.6043		0.8165		
0.7491		0.4714		0.6409		0.5433		0.8165		0.5401		
0.8338		0.7071		0.5503		0.2887		0.9301		0.6236		
0.3617		0.4343		0.0000		0.2743		0.2456		0.5774		
0.4714		0.2041		0.1443		
Graph 18 ==================================
0.0000		0.0000		0.0000		0.0000		0.0000		0.0000		
0.0000		0.0000		0.0000		0.0000		0.0000		0.0000		
0.0000		0.0000		0.0000		0.0000		0.0000		0.0000		
0.0000		0.0000		0.0000		0.0000		0.0000		0.0000		
0.0000		0.0000		0.0000		0.0000		0.0000		0.0000		
0.0000		0.0000		0.0000		0.0000		0.0000		0.0000		
0.0000		0.0000		0.0000		0.0000		0.0000		0.0000		
0.0000		0.0000		0.0000		0.0000		0.0000		0.0000		
0.0000		0.0000		0.0000		
Graph 19 ==================================
0.0000		0.0000		0.0000		0.0000		0.0000		0.5000		
0.0000		0.0000		0.0000		0.0000		0.0000		0.0000		
0.5000		0.2713		0.0000		0.3333		0.6667		0.0000		
0.0000		0.0000		0.0000		0.0000		0.0000		0.0000		
0.0000		0.5000		0.0000		0.2713		0.1910		0.0000		
0.0000		0.3333		0.2324		0.2713		0.0000		0.2500		
0.0000		0.0000		0.1434		0.5000		0.1910		0.1667		
0.3924		0.2324		0.6667		0.3924		0.4357		0.1953		
0.3333		0.5000		0.7500		
Graph 20 ==================================
0.0000		0.0000		0.0000		0.0000		0.0000		0.7071		
0.0000		0.0000		0.0000		0.0000		1.0000		0.5000		
0.7071		0.5689		0.0000		0.4714		0.7454		0.0000		
0.0000		0.0000		0.0000		0.0000		1.0000		0.5000		
1.0000		0.7071		0.5774		0.5689		0.5352		0.0000		
0.4082		0.4714		0.7060		0.5689		0.0000		0.3536		
0.7071		0.5000		0.5202		0.7071		0.8313		0.5270		
0.6356		0.4064		0.7454		0.5148		0.5486		0.3863		
0.4714		0.5590		0.7906		
Graph 21 ==================================
0.0000		0.0000		0.0000		0.0000		0.0000		0.7071		
0.0000		0.0000		0.0000		0.0000		1.0000		0.7071		
0.7071		0.6131		0.0000		0.4714		0.8165		0.0000		
0.0000		0.0000		0.0000		0.0000		1.0000		0.7071		
1.0000		0.7071		0.5774		0.6131		0.5352		0.0000		
0.4082		0.4714		0.7060		0.5689		0.0000		0.3536		
0.7071		0.7071		0.5992		0.8660		0.8868		0.5270		
0.6571		0.5256		0.8165		0.6133		0.6028		0.3863		
0.4714		0.6124		0.8292		
Graph 22 ==================================
0.0000		0.0000		0.0000		0.0000		0.0000		0.7071		
0.0000		0.0000		0.0000		0.0000		1.0000		0.7071		
0.7071		0.6131		0.0000		0.4714		0.8165		0.0000		
0.0000		0.0000		0.0000		0.0000		1.0000		0.7071		
1.0000		0.7071		0.8165		0.6131		0.6180		0.0000		
0.5774		0.4714		0.8289		0.6131		0.0000		0.3536		
1.0000		0.7071		0.8871		1.0000		0.9391		0.6236		
0.7120		0.6818		0.8165		0.6719		0.6207		0.4102		
0.4714		0.6124		0.8660		
Graph 23 ==================================
0.0000		0.0000		0.0000		0.0000		1.0000		0.7071		
0.0000		0.0000		1.0000		1.0000		0.0000		0.5000		
0.7071		0.5689		1.0000		0.7454		0.9428		0.0000		
0.0000		1.0000		1.0000		1.0000		0.0000		0.5000		
0.0000		0.7071		0.4226		0.5689		0.5352		1.0000		
0.5918		0.7454		0.4064		0.5689		1.0000		0.7906		
0.2929		0.5000		0.5202		0.7071		0.2701		0.5270		
0.6356		0.7060		0.9428		0.7736		0.7964		0.6947		
0.7454		0.9014		1.0607		
Graph 24 ==================================
0.0000		0.0000		0.0000		0.0000		0.5000		0.5000		
0.0000		0.0000		0.5000		0.7071		0.5000		0.0000		
0.5000		0.3837		0.7071		0.6236		1.0801		0.0000		
0.0000		0.5000		0.7071		0.7071		0.5000		0.0000		
0.7071		0.5000		0.5059		0.3837		0.5352		0.7071		
0.5083		0.6236		0.5760		0.5689		0.7071		0.6124		
0.5412		1.0000		0.8103		1.1180		0.4104		0.5270		
0.7736		0.8810		1.0801		0.9360		0.8832		0.5621		
0.6236		0.9354		1.0897		
Graph 25 ==================================
0.0000		0.0000		0.0000		0.0000		1.0000		0.7071		
0.0000		0.0000		1.0000		1.0000		0.0000		0.7071		
0.7071		0.6131		1.0000		0.7454		1.0000		0.0000		
0.0000		1.0000		1.0000		1.0000		0.0000		0.7071		
0.0000		0.7071		0.4226		0.6131		0.5352		1.0000		
0.5918		0.7454		0.4064		0.5689		1.0000		0.7906		
0.2929		0.7071		0.5992		0.8660		0.4104		0.5270		
0.6571		0.7807		1.0000		0.8423		0.8347		0.6947		
0.7454		0.9354		1.0897		
Graph 26 ==================================
0.0000		0.5000		0.0000		0.5000		0.7071		0.0000		
0.0000		0.5000		0.7071		0.7071		0.7071		0.5000		
0.0000		0.2287		0.7071		0.2357		0.2357		0.0000		
0.5000		0.7071		0.7071		0.7071		0.7071		0.5000		
0.7071		0.0000		0.5059		0.2287		0.3090		0.7071		
0.5083		0.2357		0.3153		0.2287		0.7071		0.3536		
0.5412		0.5000		0.3566		0.0000		0.4370		0.3333		
0.1076		0.3153		0.2357		0.1984		0.1787		0.3473		
0.2357		0.2500		0.3536		
Graph 27 ==================================
0.0000		0.0000		0.0000		0.0000		0.5774		0.5059		
0.0000		0.0000		0.5774		0.5774		0.4226		0.5059		
0.5059		0.3632		0.5774		0.4131		0.7843		0.0000		
0.0000		0.5774		0.5774		0.8165		0.4226		0.5059		
0.4226		0.5059		0.0000		0.3632		0.3383		0.5774		
0.2391		0.4131		0.2872		0.4485		0.8165		0.7092		
0.1835		0.5059		0.3478		0.7155		0.5076		0.3055		
0.5287		0.4951		0.7843		0.6453		0.7046		0.5391		
0.7099		0.8678		1.1902		
Graph 28 ==================================
0.0000		0.2713		0.0000		0.2713		0.5689		0.2287		
0.0000		0.2713		0.5689		0.6131		0.5689		0.3837		
0.2287		0.0000		0.6131		0.2897		0.7071		0.0000		
0.2713		0.5689		0.6131		0.6131		0.5689		0.3837		
0.6131		0.2287		0.3632		0.0000		0.2424		0.6131		
0.3665		0.2897		0.2857		0.2287		0.6131		0.3395		
0.4109		0.7776		0.5415		0.7638		0.3292		0.2515		
0.4135		0.5875		0.7071		0.5986		0.5329		0.2930		
0.2897		0.5865		0.7217		
Graph 29 ==================================
0.0000		0.1910		0.0000		0.1910		0.5352		0.3090		
0.0000		0.1910		0.5352		0.5352		0.5352		0.5352		
0.3090		0.2424		0.5352		0.2192		0.6043		0.0000		
0.1910		0.5352		0.5352		0.6180		0.5352		0.5352		
0.5352		0.3090		0.3383		0.2424		0.0000		0.5352		
0.2340		0.2192		0.2126		0.1136		0.6180		0.4018		
0.4877		0.5352		0.4581		0.6180		0.4370		0.0344		
0.2637		0.3953		0.6043		0.4250		0.4197		0.2388		
0.3789		0.5621		0.8660		
Graph 30 ==================================
0.0000		0.0000		0.0000		0.0000		0.0000		0.7071		
0.0000		0.0000		0.0000		0.0000		1.0000		0.7071		
0.7071		0.6131		0.0000		0.4714		0.8165		0.0000		
0.0000		0.0000		0.0000		0.0000		1.0000		0.7071		
1.0000		0.7071		0.5774		0.6131		0.5352		0.0000		
0.4082		0.4714		0.7060		0.5689		0.0000		0.3536		
0.7071		0.7071		0.5992		0.8660		0.8868		0.5270		
0.6571		0.5256		0.8165		0.6133		0.6028		0.3863		
0.4714		0.6124		0.8292		
Graph 31 ==================================
0.0000		0.0000		0.0000		0.0000		0.4082		0.5083		
0.0000		0.0000		0.4082		0.4082		0.5918		0.5083		
0.5083		0.3665		0.4082		0.3416		0.7491		0.0000		
0.0000		0.4082		0.4082		0.5774		0.5918		0.5083		
0.5918		0.5083		0.2391		0.3665		0.2340		0.4082		
0.0000		0.3416		0.3485		0.3380		0.5774		0.5042		
0.4226		0.5083		0.4218		0.7189		0.5499		0.2045		
0.4562		0.4140		0.7491		0.5372		0.5708		0.3417		
0.5323		0.7101		1.0408		
Graph 32 ==================================
0.0000		0.3333		0.0000		0.3333		0.4714		0.2357		
0.0000		0.3333		0.4714		0.4714		0.7454		0.6236		
0.2357		0.2897		0.4714		0.0000		0.4714		0.0000		
0.3333		0.4714		0.4714		0.4714		0.7454		0.6236		
0.7454		0.2357		0.4131		0.2897		0.2192		0.4714		
0.3416		0.0000		0.3483		0.1778		0.4714		0.1179		
0.5008		0.6236		0.3903		0.5528		0.5848		0.2357		
0.2430		0.3483		0.4714		0.3385		0.2701		0.1381		
0.0000		0.3118		0.4930		
Graph 33 ==================================
0.0000		0.2324		0.0000		0.2324		0.7060		0.3153		
0.0000		0.2324		0.7060		0.7060		0.4064		0.5760		
0.3153		0.2857		0.7060		0.3483		0.6409		0.0000		
0.2324		0.7060		0.7060		0.8289		0.4064		0.5760		
0.4064		0.3153		0.2872		0.2857		0.2126		0.7060		
0.3485		0.3483		0.0000		0.2675		0.8289		0.6021		
0.3607		0.5760		0.4153		0.5947		0.3649		0.2056		
0.3267		0.4714		0.6409		0.5229		0.5450		0.4475		
0.5567		0.7045		0.9860		
Graph 34 ==================================
0.0000		0.2713		0.0000		0.2713		0.5689		0.2287		
0.0000		0.2713		0.5689		0.5689		0.5689		0.5689		
0.2287		0.2287		0.5689		0.1778		0.5433		0.0000		
0.2713		0.5689		0.5689		0.6131		0.5689		0.5689		
0.5689		0.2287		0.4485		0.2287		0.1136		0.5689		
0.3380		0.1778		0.2675		0.0000		0.6131		0.3395		
0.5877		0.5689		0.5346		0.6131		0.4515		0.1480		
0.2110		0.4274		0.5433		0.3945		0.3519		0.2044		
0.2897		0.4792		0.7638		
Graph 35 ==================================
0.0000		0.0000		0.0000		0.0000		0.0000		0.7071		
0.0000		0.0000		0.0000		0.0000		1.0000		0.7071		
0.7071		0.6131		0.0000		0.4714		0.8165		0.0000		
0.0000		0.0000		0.0000		0.0000		1.0000		0.7071		
1.0000		0.7071		0.8165		0.6131		0.6180		0.0000		
0.5774		0.4714		0.8289		0.6131		0.0000		0.3536		
1.0000		0.7071		0.8871		1.0000		0.9391		0.6236		
0.7120		0.6818		0.8165		0.6719		0.6207		0.4102		
0.4714		0.6124		0.8660		
Graph 36 ==================================
0.0000		0.2500		0.0000		0.2500		0.3536		0.3536		
0.0000		0.2500		0.3536		0.3536		0.7906		0.6124		
0.3536		0.3395		0.3536		0.1179		0.5401		0.0000		
0.2500		0.3536		0.3536		0.3536		0.7906		0.6124		
0.7906		0.3536		0.7092		0.3395		0.4018		0.3536		
0.5042		0.1179		0.6021		0.3395		0.3536		0.0000		
0.8783		0.6124		0.7682		0.7906		0.7120		0.4249		
0.4310		0.5540		0.5401		0.4621		0.3546		0.1703		
0.1179		0.3536		0.6124		
Graph 37 ==================================
0.0000		0.0000		0.0000		0.0000		0.7071		0.5412		
0.0000		0.0000		0.7071		0.7071		0.2929		0.5412		
0.5412		0.4109		0.7071		0.5008		0.8338		0.0000		
0.0000		0.7071		0.7071		1.0000		0.2929		0.5412		
0.2929		0.5412		0.1835		0.4109		0.4877		0.7071		
0.4226		0.5008		0.3607		0.5877		1.0000		0.8783		
0.0000		0.5412		0.3934		0.7654		0.5485		0.4587		
0.6418		0.6159		0.8338		0.7695		0.8396		0.7083		
0.8665		1.0107		1.3229		
Graph 38 ==================================
0.0000		0.0000		0.0000		0.0000		0.5000		0.5000		
0.0000		0.0000		0.5000		0.7071		0.5000		1.0000		
0.5000		0.7776		0.7071		0.6236		0.7071		0.0000		
0.0000		0.5000		0.7071		0.7071		0.5000		1.0000		
0.7071		0.5000		0.5059		0.7776		0.5352		0.7071		
0.5083		0.6236		0.5760		0.5689		0.7071		0.6124		
0.5412		0.0000		0.2482		0.5000		0.8868		0.5270		
0.5148		0.3310		0.7071		0.4577		0.5292		0.5621		
0.6236		0.6124		0.8292		
Graph 39 ==================================
0.0000		0.1434		0.0000		0.1434		0.5202		0.3566		
0.0000		0.1434		0.5202		0.5992		0.5202		0.8103		
0.3566		0.5415		0.5992		0.3903		0.5503		0.0000		
0.1434		0.5202		0.5992		0.8871		0.5202		0.8103		
0.5992		0.3566		0.3478		0.5415		0.4581		0.5992		
0.4218		0.3903		0.4153		0.5346		0.8871		0.7682		
0.3934		0.2482		0.0000		0.4380		0.7646		0.4381		
0.4726		0.2920		0.5503		0.4850		0.6098		0.6206		
0.7617		0.7872		1.1180		
Graph 40 ==================================
0.0000		0.5000		0.0000		0.5000		0.7071		0.0000		
0.0000		0.5000		0.7071		0.8660		0.7071		1.1180		
0.0000		0.7638		0.8660		0.5528		0.2887		0.0000		
0.5000		0.7071		0.8660		1.0000		0.7071		1.1180		
0.8660		0.0000		0.7155		0.7638		0.6180		0.8660		
0.7189		0.5528		0.5947		0.6131		1.0000		0.7906		
0.7654		0.5000		0.4380		0.0000		0.9391		0.6236		
0.4167		0.3626		0.2887		0.3436		0.4675		0.7083		
0.7454		0.6124		0.8660		
Graph 41 ==================================
0.0000		0.1910		0.0000		0.1910		0.8313		0.4370		
0.0000		0.1910		0.8313		0.8868		0.2701		0.4104		
0.4370		0.3292		0.8868		0.5848		0.9301		0.0000		
0.1910		0.8313		0.8868		0.9391		0.2701		0.4104		
0.4104		0.4370		0.5076		0.3292		0.4370		0.8868		
0.5499		0.5848		0.3649		0.4515		0.9391		0.7120		
0.5485		0.8868		0.7646		0.9391		0.0000		0.4384		
0.6029		0.8101		0.9301		0.8250		0.7904		0.5925		
0.6615		0.9033		1.1180		
Graph 42 ==================================
0.0000		0.1667		0.0000		0.1667		0.5270		0.3333		
0.0000		0.1667		0.5270		0.5270		0.5270		0.5270		
0.3333		0.2515		0.5270		0.2357		0.6236		0.0000		
0.1667		0.5270		0.5270		0.6236		0.5270		0.5270		
0.5270		0.3333		0.3055		0.2515		0.0344		0.5270		
0.2045		0.2357		0.2056		0.1480		0.6236		0.4249		
0.4587		0.5270		0.4381		0.6236		0.4384		0.0000		
0.2867		0.3917		0.6236		0.4397		0.4440		0.2583		
0.4082		0.5893		0.8975		
Graph 43 ==================================
0.0000		0.3924		0.0000		0.3924		0.6356		0.1076		
0.0000		0.3924		0.6356		0.6571		0.6356		0.7736		
0.1076		0.4135		0.6571		0.2430		0.3617		0.0000		
0.3924		0.6356		0.6571		0.7120		0.6356		0.7736		
0.6571		0.1076		0.5287		0.4135		0.2637		0.6571		
0.4562		0.2430		0.3267		0.2110		0.7120		0.4310		
0.6418		0.5148		0.4726		0.4167		0.6029		0.2867		
0.0000		0.3267		0.3617		0.2357		0.2294		0.3361		
0.3664		0.3953		0.6872		
Graph 44 ==================================
0.0000		0.2324		0.0000		0.2324		0.4064		0.3153		
0.0000		0.2324		0.4064		0.5256		0.7060		0.8810		
0.3153		0.5875		0.5256		0.3483		0.4343		0.0000		
0.2324		0.4064		0.5256		0.6818		0.7060		0.8810		
0.7807		0.3153		0.4951		0.5875		0.3953		0.5256		
0.4140		0.3483		0.4714		0.4274		0.6818		0.5540		
0.6159		0.3310		0.2920		0.3626		0.8101		0.3917		
0.3267		0.0000		0.4343		0.2262		0.3611		0.4475		
0.5567		0.5235		0.8660		
Graph 45 ==================================
0.0000		0.6667		0.0000		0.6667		0.7454		0.2357		
0.0000		0.6667		0.7454		0.8165		0.9428		1.0801		
0.2357		0.7071		0.8165		0.4714		0.0000		0.0000		
0.6667		0.7454		0.8165		0.8165		0.9428		1.0801		
1.0000		0.2357		0.7843		0.7071		0.6043		0.8165		
0.7491		0.4714		0.6409		0.5433		0.8165		0.5401		
0.8338		0.7071		0.5503		0.2887		0.9301		0.6236		
0.3617		0.4343		0.0000		0.2743		0.2456		0.5774		
0.4714		0.2041		0.1443		
Graph 46 ==================================
0.0000		0.3924		0.0000		0.3924		0.5148		0.1984		
0.0000		0.3924		0.5148		0.6133		0.7736		0.9360		
0.1984		0.5986		0.6133		0.3385		0.2743		0.0000		
0.3924		0.5148		0.6133		0.6719		0.7736		0.9360		
0.8423		0.1984		0.6453		0.5986		0.4250		0.6133		
0.5372		0.3385		0.5229		0.3945		0.6719		0.4621		
0.7695		0.4577		0.4850		0.3436		0.8250		0.4397		
0.2357		0.2262		0.2743		0.0000		0.1576		0.4105		
0.4357		0.3173		0.6455		
Graph 47 ==================================
0.0000		0.4357		0.0000		0.4357		0.5486		0.1787		
0.0000		0.4357		0.5486		0.6028		0.7964		0.8832		
0.1787		0.5329		0.6028		0.2701		0.2456		0.0000		
0.4357		0.5486		0.6028		0.6207		0.7964		0.8832		
0.8347		0.1787		0.7046		0.5329		0.4197		0.6028		
0.5708		0.2701		0.5450		0.3519		0.6207		0.3546		
0.8396		0.5292		0.6098		0.4675		0.7904		0.4440		
0.2294		0.3611		0.2456		0.1576		0.0000		0.3470		
0.3079		0.1814		0.5137		
Graph 48 ==================================
0.0000		0.1953		0.0000		0.1953		0.3863		0.3473		
0.0000		0.1953		0.3863		0.3863		0.6947		0.5621		
0.3473		0.2930		0.3863		0.1381		0.5774		0.0000		
0.1953		0.3863		0.3863		0.4102		0.6947		0.5621		
0.6947		0.3473		0.5391		0.2930		0.2388		0.3863		
0.3417		0.1381		0.4475		0.2044		0.4102		0.1703		
0.7083		0.5621		0.6206		0.7083		0.5925		0.2583		
0.3361		0.4475		0.5774		0.4105		0.3470		0.0000		
0.1953		0.4259		0.7265		
Graph 49 ==================================
0.0000		0.3333		0.0000		0.3333		0.4714		0.2357		
0.0000		0.3333		0.4714		0.4714		0.7454		0.6236		
0.2357		0.2897		0.4714		0.0000		0.4714		0.0000		
0.3333		0.4714		0.4714		0.4714		0.7454		0.6236		
0.7454		0.2357		0.7099		0.2897		0.3789		0.4714		
0.5323		0.0000		0.5567		0.2897		0.4714		0.1179		
0.8665		0.6236		0.7617		0.7454		0.6615		0.4082		
0.3664		0.5567		0.4714		0.4357		0.3079		0.1953		
0.0000		0.3118		0.5528		
Graph 50 ==================================
